986	1197
1645	1508
1444	409
661	1108
2169	2123
922	262
374	1594
1146	1103
726	259
557	188
1805	220
821	554
1875	566
1938	1939
2097	2099
1443	1077
101	780
23	300
243	1455
2053	796
2063	2060
215	1321
1306	824
1010	1008
536	301
2442	2441
1687	1245
489	1219
355	345
761	762
1295	605
1452	439
2188	2189
2102	2104
432	439
1718	1717
443	855
303	693
1536	43
1416	159
1136	1188
2199	2200
248	139
1685	612
2139	2164
1257	1222
987	340
686	963
1317	1802
1382	730
189	1109
912	733
345	349
2120	2127
1462	1461
1187	589
745	746
2128	2130
1084	1387
853	188
782	785
1718	1635
262	486
2260	1956
1101	1256
1705	442
125	1123
987	1116
1857	994
2300	2210
170	734
562	317
1246	1109
512	515
788	152
1270	870
476	1176
2264	2114
2065	2037
2361	1604
1726	1029
1939	2016
2381	2211
2187	2191
78	993
968	971
2041	2056
2270	2236
2522	2028
2370	2371
1265	901
2220	2094
843	1785
1914	516
2092	2093
106	706
1975	1632
937	1638
640	642
2470	1811
203	435
1411	875
2201	2183
1299	715
2289	2362
1197	621
67	496
295	369
320	166
996	544
308	310
19	22
867	770
2086	2107
337	614
581	520
2519	2456
1653	9
741	1398
2048	2052
2479	2010
888	868
771	858
704	703
1454	1628
239	242
2424	2425
2186	2301
2368	2264
2149	2283
2424	2277
389	1595
720	383
2464	2431
1024	321
441	944
74	76
834	295
1043	247
934	2283
1024	323
2423	2257
1779	1603
1142	1143
1568	1571
1348	1744
961	537
2189	2197
461	175
308	465
591	158
437	1096
1650	1651
1738	1321
1258	1259
949	951
1199	581
374	449
1460	973
2486	2036
1200	158
530	532
443	442
369	372
1153	331
1672	904
754	755
914	1977
1993	2069
2518	2179
2085	2149
1167	1316
129	133
1560	407
842	843
328	326
773	742
934	2278
188	925
1805	87
1912	2092
2387	1589
149	152
1958	2269
2447	868
2037	2268
923	1493
800	13
68	791
717	414
432	435
1678	1393
2025	2132
1040	245
959	961
1229	1228
1772	1408
1419	1290
650	653
641	1579
2518	1132
2150	2260
1318	1314
1480	1610
2358	2209
692	652
403	404
1547	9
2018	1821
215	53
1701	236
1023	391
1366	1369
2161	2162
1335	1334
2123	2410
388	385
999	992
952	949
1173	171
262	1502
1750	1821
242	321
2268	2037
2094	2013
1263	1260
1586	207
424	388
2275	2415
242	240
2508	2223
1740	1017
1263	1264
1200	322
224	88
558	562
1201	1936
95	471
86	84
2480	2268
42	47
1478	1477
1344	754
793	790
914	1978
1170	980
10	2075
132	937
272	271
2270	2106
2219	1164
105	1125
900	744
782	783
2040	2056
155	143
2126	2062
2272	1956
1379	1377
46	876
93	778
2303	2108
1692	1461
691	328
887	1267
1751	69
1363	11
1080	713
881	1065
651	652
2119	2122
1731	208
2376	2122
282	952
2078	2082
1264	1263
2445	2122
1251	1914
295	731
1379	383
1988	2010
833	837
517	1337
22	538
134	1575
412	717
1284	597
1951	1857
2399	2124
71	926
1013	1015
855	778
2324	2230
414	1773
2430	2420
801	783
1824	1826
124	1370
154	1758
1706	1918
2040	2038
2302	1093
1868	1756
2104	2102
2108	2222
654	696
951	983
2014	2373
157	161
1495	206
253	1498
141	1572
706	709
900	865
1129	1446
325	1130
197	663
2320	2122
1102	967
1491	999
264	265
627	624
176	180
138	141
737	825
1638	328
562	314
2146	1831
1764	2214
1705	94
1234	805
1960	679
796	2039
932	601
528	527
1276	1277
197	194
675	676
2290	2287
226	81
767	1113
2452	1175
2410	2150
666	1427
2218	2065
300	1119
1050	1048
1394	152
368	371
1597	755
838	841
209	708
829	252
1047	751
2071	1983
2385	2038
1538	1169
877	234
1899	2076
1249	1118
2448	1330
1744	1912
820	348
1146	233
1924	89
2220	2013
1396	695
779	1358
1373	476
2199	2188
798	954
1169	304
2428	2152
2524	2358
1711	1152
461	734
2110	2076
1088	941
335	166
2098	1908
1910	1883
1275	162
2177	2078
936	860
1582	206
1301	1300
290	201
292	204
1437	1438
634	632
791	67
1124	1125
1067	1649
1000	1338
1501	1402
1200	165
908	1304
2155	2381
2330	2150
51	108
2337	2303
1441	1440
336	341
1281	1278
540	542
2460	2124
1539	937
769	765
1204	1755
2202	2041
1301	1725
2385	1533
1313	1377
267	268
256	1095
2286	2276
487	489
385	1288
70	1737
2296	2300
490	492
1242	1243
2501	1812
1399	220
2401	390
1629	1173
676	899
174	162
756	753
954	1215
895	805
968	431
163	209
1232	439
2502	2141
1599	1117
1855	1062
1683	1685
1389	849
1327	621
740	859
714	1006
648	142
2369	1955
2150	2411
2317	2207
294	547
2221	2068
1480	175
1010	969
1738	527
859	171
567	1034
173	1622
723	726
467	468
1088	1093
1072	1358
783	63
86	1476
1518	1716
285	953
2310	2381
1146	240
495	618
1594	374
1263	880
1517	1168
2375	2039
1332	2474
187	322
1608	459
429	1711
1352	1353
2493	2294
1968	190
2459	2223
1456	160
1320	1697
1597	1599
2191	2033
2	107
576	683
910	218
396	142
2325	2148
1510	1552
908	770
1174	217
916	21
571	261
2065	2230
936	935
1578	1060
1315	1266
1700	1176
2446	2266
1507	1013
2423	2230
830	831
933	931
879	1461
1574	243
1399	1783
1636	569
2027	758
977	979
255	257
2290	2289
816	216
1554	1556
579	520
566	1421
834	560
583	855
2458	2428
1600	1450
1999	2069
1806	675
101	779
1021	272
930	196
1222	1257
987	560
258	218
1196	1279
151	554
759	1507
1372	2058
1415	1527
2294	2175
1920	701
283	284
1087	1083
1544	1127
664	1054
666	179
1342	701
2111	2113
2032	2030
2399	1945
2209	2174
1474	1313
2028	2448
2142	2143
1752	1115
1778	1592
1659	980
693	304
1409	206
2298	2214
182	176
1975	414
345	347
268	601
2059	1900
883	1636
1253	584
2081	2177
718	1258
2203	2126
1125	793
2094	2095
1000	387
1543	218
1126	450
804	1382
815	1520
1190	1191
952	807
30	32
305	265
693	306
1825	1709
2144	2222
78	537
2122	1197
1485	701
1066	1194
1888	1672
1024	581
1487	188
1138	1410
1756	905
1316	99
1983	2140
2087	2327
1018	256
1092	2126
799	955
2069	2378
292	208
1744	121
2354	2422
2535	2037
1659	149
500	502
1823	1131
1619	1269
409	414
436	1682
980	1170
2362	1899
2098	2102
154	132
417	335
1224	1226
455	516
345	348
2275	2039
1430	152
1840	396
314	318
1390	849
15	16
2340	2233
2121	1939
1542	305
281	974
189	1832
365	363
1171	223
2144	2014
1431	1506
875	1413
777	659
1737	606
1647	1658
2287	2114
2053	2378
1000	700
1268	847
361	362
1087	1593
95	473
1790	1335
1934	508
794	2128
1939	2121
1180	952
524	526
1393	1677
2505	2121
1376	1267
968	396
988	1327
1153	629
2314	2047
97	98
1243	824
1720	1342
1674	690
612	211
1226	1602
1625	1624
68	597
2174	2180
1131	143
2487	2052
2230	2088
22	645
526	524
800	1648
930	931
1214	1219
912	913
1729	2068
1406	1522
2329	2275
72	71
765	769
2167	1093
818	304
232	420
1383	647
1068	411
454	896
1469	735
584	587
103	744
341	1555
1291	1534
1881	259
2525	2134
131	818
306	1638
1208	81
2137	2139
2376	1735
2221	2223
1435	1129
86	348
975	973
2396	2197
1646	687
2042	1944
1018	1016
1178	877
2007	1533
2087	1745
296	369
1803	728
1617	815
1666	62
122	125
576	681
1581	1244
1469	216
1645	1119
256	1097
888	146
1173	207
1061	1064
1318	1098
1422	189
2145	1951
1221	188
1947	1948
618	620
993	741
872	1561
253	1204
1372	2100
1545	780
2428	2091
2346	2011
514	1769
1619	1090
1397	1395
1631	607
432	15
526	21
866	1176
2102	2091
1912	1064
734	1009
853	214
1984	269
364	1803
1694	1262
1953	2060
816	1701
149	154
512	518
2308	2154
2203	2013
1982	1981
11	15
25	19
268	270
799	957
1570	79
2379	2422
644	892
588	589
163	228
574	1374
1447	1536
412	416
1653	1529
492	1686
1096	793
1157	341
893	894
1335	269
906	1915
2247	1900
2232	2392
2232	2222
1318	996
1217	470
2048	2049
1960	65
434	432
446	793
1389	1390
1218	1222
1614	861
1112	495
1531	1215
73	495
822	1898
2484	2350
165	1200
1437	1440
662	660
340	1351
1497	1028
1702	816
742	997
2298	2138
1453	523
2480	2209
2061	1051
21	20
10	1504
707	939
732	384
200	209
1042	1670
1084	1151
937	1539
716	717
557	1618
1502	262
2349	2107
2015	2328
1683	1684
651	219
1647	1509
1859	1675
1676	244
1752	551
1425	1901
138	142
189	1801
1669	126
2277	1958
1519	16
1534	2052
314	112
1106	1109
68	64
1000	1594
230	461
799	958
1195	171
1762	1465
2239	1533
585	577
325	326
690	1484
2092	622
1515	477
1878	55
2017	2018
13	1251
432	437
1258	6
1326	788
851	190
1355	1549
1016	544
1325	1329
2448	2336
2173	2307
2261	2263
2440	1951
1693	467
880	879
1605	1937
76	693
1102	1459
1787	313
2018	557
1400	464
1242	1244
400	401
76	737
456	459
2507	2024
1362	1356
661	225
1733	1370
1558	266
712	306
1335	1044
1629	1628
2005	364
170	171
1771	147
970	1455
1744	1348
274	348
2531	2141
417	419
1709	1469
252	1065
1886	125
1792	283
2023	2000
289	290
3	57
390	1225
1583	787
973	933
2147	2150
912	914
872	875
1944	2042
829	396
518	389
1304	770
474	347
2478	2479
1664	1666
1298	524
1339	193
414	1288
389	387
1159	1160
575	1040
1443	1098
1545	1184
1365	803
1968	188
2314	2044
2233	1093
482	481
2439	2066
175	238
666	1623
163	578
1088	828
1614	741
1585	1099
126	1669
216	168
1137	1140
1447	1034
1140	1223
1840	367
915	597
67	148
1757	2164
1601	1602
1945	1946
1104	1110
1487	190
205	437
1481	163
260	2135
2411	1939
1466	1842
1113	928
436	687
1049	715
629	678
813	132
22	25
876	877
2090	2149
2130	2170
186	190
1480	238
1889	252
816	1702
969	1296
336	343
1107	823
2326	2212
701	398
418	168
880	1461
509	433
245	1450
292	289
14	347
1050	1735
1741	817
1714	1822
1325	1326
427	430
2313	2192
852	770
2287	2290
385	685
1951	2333
898	899
677	558
329	330
44	1256
2188	2197
1365	1545
380	258
2222	2436
183	1488
397	125
1115	629
1418	1419
1216	470
2009	2013
734	1022
707	942
2010	2009
182	1706
198	194
712	303
565	290
1562	1564
2491	2032
2163	2162
1044	759
2389	2190
2163	2138
851	853
2364	2138
2403	2427
1543	1096
566	266
2224	2226
1657	2261
129	131
1337	1574
848	849
1803	1804
1081	311
713	1080
2304	2165
2365	2241
1808	924
175	1480
1897	1447
416	1710
849	847
649	808
482	261
58	493
798	686
1707	1206
1592	718
1173	734
1204	1110
46	158
982	1029
966	113
998	852
2216	2287
1342	179
1341	179
497	205
2470	1797
1661	545
105	1863
150	358
1584	1090
1756	337
2113	2111
1418	1420
1575	134
689	652
730	731
1391	1392
45	882
592	1146
591	865
2009	2015
413	1197
1640	1641
781	829
1758	1572
1405	293
1795	1292
65	147
711	712
2000	2359
1009	1308
2423	2282
738	739
1043	1047
335	418
2132	2046
1477	1478
1373	1457
1487	569
1389	142
1106	221
256	1098
1911	201
747	703
1698	744
1963	309
209	411
5	109
1370	869
2362	1900
524	146
2178	2206
2421	2145
1283	520
2199	2355
937	306
1646	681
2358	2160
819	818
519	228
789	1265
935	937
169	506
2460	2148
1278	96
2298	2468
271	273
1173	167
2215	1955
924	67
1048	715
862	863
391	1455
104	228
1047	1046
275	844
2377	2053
403	250
719	721
1045	767
2049	2327
968	970
1110	1206
2191	2174
1358	240
2214	2297
1905	1906
911	680
498	500
2519	1445
43	860
710	1129
969	655
776	236
572	272
147	607
533	535
34	890
2140	2142
2379	2381
481	266
1370	770
2166	2255
2310	2183
586	1455
1109	132
902	951
280	1075
392	195
2180	1958
34	553
1133	220
248	380
960	906
232	506
2345	2271
1184	1362
585	583
1825	1834
1048	1049
974	289
2204	1904
61	627
1230	1231
2259	2033
797	459
1049	1182
1135	63
2310	2078
779	441
1066	510
2469	2508
537	793
2024	1160
2301	1164
1230	974
1397	978
1537	1056
2419	2429
2077	1094
1358	779
1394	1397
476	866
1839	731
1191	1193
730	714
762	953
949	18
412	1444
2102	439
2379	2211
905	1367
1243	356
1433	1432
1803	1233
965	353
1830	112
2112	2216
1543	258
817	1783
1291	612
580	593
1485	125
152	541
965	137
1094	1951
353	1231
437	281
1021	175
1780	244
1279	1174
707	578
559	371
105	256
216	181
941	521
2463	1944
50	52
919	21
2275	1038
1087	312
770	1304
1850	2439
30	26
1909	1223
1845	1647
1827	1829
1117	1098
207	1173
1054	1699
2137	2061
818	360
1183	932
775	875
964	506
1344	576
1023	1148
342	926
1783	83
674	937
43	859
1053	1695
2008	2006
399	583
1108	1476
1388	96
1648	800
1337	517
2513	2514
825	124
623	4
1278	1283
1805	735
291	204
1706	179
899	676
85	88
1424	1196
2144	2085
1320	1319
1474	878
2418	2277
2265	2262
1421	1280
1599	1305
1734	1050
2518	2178
33	1256
1128	1550
873	874
2190	2492
879	249
822	818
1387	162
1921	1675
2272	2108
444	520
2039	2235
1940	2145
2306	1935
2149	244
1072	245
2400	2440
409	410
242	625
1032	1037
2371	2204
799	357
499	570
1990	1991
2110	2295
220	83
882	886
1400	465
1222	1256
2019	1986
803	702
395	718
1284	811
2201	2296
2105	1956
405	406
1119	1645
593	104
1937	621
817	220
132	130
896	454
1376	1524
2324	2316
2083	1094
517	588
484	264
1494	206
836	688
1897	378
1320	577
836	988
1049	787
1286	1295
2304	2337
1638	306
1007	125
2512	2455
2212	2422
2053	2094
11	14
1180	203
117	119
1721	1722
1332	1745
1108	1350
1833	1109
973	707
1651	1228
1937	2039
1768	299
1969	412
1890	1252
311	312
1769	1694
553	1672
2409	1911
1610	44
1066	173
1370	1490
2241	2138
76	80
2333	1164
1328	1326
1365	1370
2298	1064
1976	77
2230	2079
257	348
242	771
804	803
1735	1197
2470	2169
1430	1314
352	593
1422	874
373	377
203	205
811	791
1735	1953
1471	1092
2225	2461
1023	322
243	166
937	305
790	793
1158	551
1240	1211
2067	2474
2268	2266
661	1805
2135	2264
188	926
1711	1150
535	301
1912	2170
652	968
1040	776
726	1643
158	417
2293	2194
342	1508
2100	2096
960	267
156	1085
2085	2325
1493	2011
1617	573
1117	1165
2514	2230
296	372
526	923
1006	779
1165	1340
507	1693
17	345
406	403
2206	2128
282	437
236	234
1796	1051
1795	1796
1086	1209
1693	1307
2110	1943
2262	2285
405	980
2118	1899
1982	639
139	253
150	356
734	238
735	181
1710	416
1053	223
1406	297
610	1447
974	256
655	1195
1107	694
134	561
1172	435
690	354
1018	1095
2210	2490
2249	2193
2325	2203
2462	259
2147	2148
33	1657
1749	834
779	1459
1427	951
1457	174
208	289
2194	1164
1123	1485
2445	2003
2144	2140
225	735
2203	2129
7	8
1382	804
891	413
693	674
643	644
259	1567
930	680
329	3
1714	458
195	53
1182	1184
1877	1019
2217	2218
369	789
1608	1800
1453	244
667	1183
2430	2040
568	431
815	850
9	457
954	1214
2003	1999
1495	1799
1930	2232
1392	341
330	1044
819	1234
2256	2016
1846	1847
513	575
788	786
796	2041
843	1679
497	709
940	164
609	1345
182	950
586	929
1634	428
240	242
1407	597
1038	2149
1283	528
707	280
1065	252
1082	1214
250	1580
1452	1232
54	1805
1509	1510
165	1023
2403	2402
901	905
594	1457
1146	1230
290	565
2026	2388
1797	2145
391	140
586	280
127	269
645	739
1205	1100
2066	2315
1652	787
1569	440
687	744
1712	1588
773	772
957	386
1824	415
858	771
84	116
2323	2189
2237	2146
2377	2345
2258	2400
584	748
1218	442
977	165
2331	2173
1095	256
579	243
1128	1551
806	805
1045	543
366	1884
1825	139
255	256
514	1770
920	857
783	883
213	551
165	593
462	831
1089	547
2492	2389
2236	2105
2231	1796
1910	1617
481	485
602	372
719	451
87	1476
2049	2048
2004	2232
1135	1136
2295	2189
348	349
740	741
2130	2062
1959	1943
583	585
363	1712
101	100
820	1275
375	377
2410	2050
1891	2243
1627	202
1154	1587
2275	2041
541	185
2236	2106
736	630
979	977
404	403
239	245
1899	2265
741	1614
2049	796
2356	2357
1945	902
1522	1079
2231	1051
2015	2040
289	291
126	41
148	836
1104	1106
803	805
670	423
1969	175
2486	2416
1959	2167
550	548
1327	1543
259	543
2382	2527
207	965
1490	999
175	167
783	880
245	1072
51	52
647	772
1052	607
1476	86
1034	1036
1551	1245
446	989
585	1254
1858	1213
1887	778
2139	2386
1345	1344
2034	2234
1206	895
1808	1383
1347	1015
2287	1604
322	166
2244	1755
1275	844
461	460
1070	281
1785	752
1145	238
293	296
1639	1637
1423	151
1274	1273
1065	386
212	1443
56	232
1425	551
2481	1533
2182	2029
1184	39
1674	142
477	585
1206	979
1513	1322
919	702
371	867
261	263
1563	1073
1242	1136
330	632
1677	1119
2187	2189
2261	2011
523	174
1800	459
1361	868
2130	2127
2063	1338
228	160
2439	954
1385	348
1059	14
2291	2128
131	130
1162	1163
1078	94
585	441
1938	901
357	517
1879	1393
2383	2143
2245	167
1685	1916
925	73
1543	69
145	1666
2124	1287
701	1935
1664	1150
881	1066
2209	2179
371	370
1312	1806
1499	148
335	844
601	679
1040	582
1218	162
1751	1490
286	283
1005	243
1426	1279
318	1084
122	124
2230	2257
2479	2198
1775	361
1314	1316
1271	500
1735	1738
502	483
2150	2330
405	1659
1832	957
2436	2094
627	623
2373	2042
2376	2130
2449	2053
1068	245
1904	2202
2063	1857
124	1288
348	17
837	1486
192	195
277	276
390	391
1074	900
618	389
1813	671
1264	1260
1107	1109
814	815
1680	1681
1688	824
490	488
2059	2377
2226	2126
1997	1296
489	1400
1903	902
298	127
182	1693
206	292
668	1615
2436	2095
1966	1445
1606	1042
736	737
1172	203
459	491
1610	1611
1633	1396
2391	934
744	1455
1117	339
567	570
202	1453
1072	744
1058	1785
78	608
1133	108
1335	1891
464	466
139	250
1495	695
2049	2329
1076	494
1799	1495
1851	1822
1048	304
763	508
885	159
614	616
465	1504
810	433
2174	2179
502	951
1099	682
1562	429
1388	746
1715	1716
963	964
632	636
813	306
1579	1578
1180	1179
417	418
2276	2277
635	142
596	72
2333	2094
941	1374
1344	1056
1200	323
1548	1012
535	534
73	601
26	31
2210	2310
1978	1037
2179	1378
1232	1660
1005	894
706	106
1734	1735
598	878
64	67
750	679
161	1220
1089	1436
1508	926
1197	791
2014	2001
733	912
461	703
908	1383
662	1059
928	1074
2488	2163
54	12
305	485
573	1174
875	1686
1008	656
1855	1398
357	114
1347	1181
1452	701
1599	1443
2199	2323
190	1492
858	1457
1783	1612
2012	2087
1	2
2410	2123
801	797
479	129
1097	1095
2097	2098
2454	2523
2440	2276
79	1932
1585	787
2109	2110
809	958
2285	2186
2324	2303
1392	1725
158	1200
818	554
2386	2382
2013	2223
1075	1453
346	619
547	71
878	731
2090	2272
683	277
112	1355
351	348
1503	1714
1156	1299
1391	447
269	295
1062	607
532	472
1444	2457
2316	2265
424	389
1058	295
2221	2220
991	1092
1792	290
1562	1174
445	447
836	791
1627	1459
2121	2419
1774	590
67	66
2279	2018
646	892
340	605
230	6
2265	2083
603	124
1992	820
2325	2126
1458	1116
1747	1799
1257	443
317	314
1931	1644
566	1875
2144	1930
1809	17
59	1578
809	991
2373	2002
1022	1180
1388	2
1050	1882
155	1144
2340	2491
348	257
2200	2323
1101	1610
690	954
240	164
1419	1532
1002	1124
1827	310
420	356
199	905
1075	929
1685	1099
2028	2451
1156	537
1670	1139
980	1171
1691	390
2507	2508
2491	2486
37	1434
1054	414
2001	2002
2115	2113
1096	1345
1718	395
1726	1042
1661	1590
790	924
1678	608
646	1278
1751	1012
2011	2216
1105	1206
2524	2391
2126	2203
1366	1368
958	576
1020	659
732	618
2369	2150
2373	2374
384	1044
1888	1833
391	1148
738	679
1675	1184
668	663
1408	1566
1983	2071
1641	1322
1217	1216
2092	2095
1760	483
817	1730
776	708
1795	1051
2342	2310
1149	896
1523	1136
953	764
715	1912
550	1066
147	67
1188	1190
1677	1118
1809	881
2371	2309
35	38
1542	362
2504	2186
620	619
602	603
2308	2310
2459	1930
1606	1649
1289	1292
2227	2198
1889	254
2449	2415
1937	2087
833	605
2513	2143
1968	1492
2350	2348
2051	2455
2191	2518
2009	2011
2209	2208
2098	1372
1325	1331
1818	1179
1017	1014
936	257
1645	608
982	687
200	203
939	578
487	491
1357	1525
2297	2000
1690	430
380	601
1197	69
1161	693
34	150
2307	1657
1519	347
213	340
1131	1569
1566	1155
465	1473
1139	778
1209	1210
1529	985
1457	1275
453	457
2232	911
1613	330
2378	2222
2099	1831
1880	255
198	377
1120	1123
186	189
2156	2158
442	1257
1706	182
1677	1355
1100	1459
1056	645
387	1288
578	411
24	448
1229	1773
343	336
347	349
1297	672
791	1508
2025	2172
1590	603
986	1012
1668	403
264	1273
634	1792
384	686
118	897
1158	547
1172	709
2057	2058
2322	2267
1349	982
808	575
1296	1201
997	931
1908	2408
214	210
1724	1607
792	1442
22	19
766	926
2145	2368
1362	442
695	696
2512	2091
927	928
1276	1833
174	272
2511	2283
677	1312
1789	980
2046	2530
835	613
1837	944
2352	2470
1979	813
884	885
1771	1539
2187	2190
186	187
1677	1393
1023	321
1335	543
2211	2379
1578	1611
705	171
925	188
1169	149
427	429
582	583
444	928
1020	43
634	953
1650	1652
1311	1830
1642	1065
339	336
567	1036
768	547
327	1107
76	522
1687	1636
766	190
578	939
1119	1116
444	244
820	304
37	1169
914	912
1519	1520
354	1478
363	1154
1646	1450
2060	2062
762	763
1986	2236
667	621
1164	2294
2074	2310
2489	2181
682	384
1071	170
1778	1198
2426	1092
916	917
2148	1039
1845	1847
1461	783
786	787
1783	86
1474	1473
818	396
1849	862
1400	489
2112	2111
1494	326
1745	1326
2460	2023
1054	931
1468	1355
1355	728
1670	778
245	1068
1198	1200
608	282
727	72
1917	964
1783	60
1165	1230
2468	2019
1838	794
2149	1039
1661	835
1868	1599
2329	2168
2143	2141
2245	2087
1792	186
53	217
281	939
1249	1250
932	836
2135	197
1271	269
2500	2293
1157	697
1838	1012
444	1356
478	1320
789	867
602	496
402	345
523	1498
1456	1890
593	400
1970	1496
1223	41
131	825
1398	68
1671	142
2081	2202
2080	2081
1449	1448
811	300
910	1056
2459	2087
2227	2200
476	478
1976	1371
828	1091
374	376
85	87
1719	34
1179	1181
37	35
1512	477
2066	2067
239	241
1801	1394
2197	2230
414	1015
2402	2123
24	1015
670	1687
1754	1755
413	890
493	58
1029	1440
810	411
1491	1490
21	919
1886	532
1898	553
2396	2310
1133	1020
1452	1162
268	269
1916	863
273	463
2455	2054
1706	807
1333	1334
1252	1253
2138	2137
623	1020
1375	1376
1361	871
2416	2374
2260	1955
1910	1439
2304	2184
2251	2133
57	234
2475	2394
1741	573
571	482
702	8
2421	2059
1280	883
2126	2170
142	1279
1489	124
404	936
1570	981
1257	440
1297	1298
2307	1063
1685	1684
307	309
2208	2047
1105	1116
940	948
605	70
786	689
437	1460
2137	1735
1371	1813
2264	2076
1655	673
1624	1328
1819	1820
1795	246
1790	1791
1775	1776
1945	938
2110	2320
1606	1243
1449	687
1443	451
779	1460
2015	2084
465	464
879	666
1015	1746
425	510
2448	2305
514	274
127	1497
1433	1184
2454	2035
1808	836
1249	1119
1592	1778
2239	2142
988	741
1121	1479
2267	2037
794	2170
471	472
296	789
591	165
1109	1613
2374	2302
1120	1121
797	686
1846	1584
583	411
1204	967
707	940
490	487
2157	2367
2148	2372
1764	2428
916	564
157	166
471	95
53	219
293	297
431	570
1161	1099
797	453
2287	2116
808	811
1855	833
527	1460
228	209
1405	1270
312	141
1160	1474
1038	2275
81	88
680	1230
952	973
305	1099
1099	788
2247	2360
849	1136
742	1012
1383	908
1277	1610
852	997
664	71
788	133
297	1079
409	413
185	143
1542	1404
1510	841
2012	2147
145	1667
659	777
1409	21
1958	2391
1637	1639
451	605
327	1888
129	130
1552	571
596	322
1137	1139
1737	340
632	634
607	605
1304	908
1519	1521
394	871
1244	1373
881	850
1504	10
662	1108
2076	2265
749	371
635	637
1893	1202
2068	1729
1482	222
14	257
1005	576
1584	416
1204	928
1514	1322
1690	955
2388	2281
1015	448
225	181
2512	2016
1805	83
1688	1689
382	447
2206	2176
2180	2324
1145	704
1099	1161
1878	58
2505	1939
283	44
82	877
999	190
173	956
2438	2205
1024	704
2505	2140
163	1283
1364	1255
2128	2126
2099	2084
275	1455
1414	661
520	579
2200	2198
1840	152
765	768
419	1023
152	1430
789	673
678	141
49	1552
640	1313
2410	2076
2360	2247
2262	2066
2529	2143
1930	2460
1243	1606
829	132
1770	1694
1244	1462
701	125
2091	2103
1831	2288
1113	1337
166	323
1167	690
1437	1015
2297	2214
4	109
624	56
1691	387
520	577
1856	388
1703	1702
1499	527
537	961
1483	1446
1912	2090
608	576
773	66
1801	695
637	303
2294	934
1675	1651
2352	2111
65	146
1720	837
2423	2300
58	477
889	868
410	412
781	1719
1712	1963
587	1622
2108	2372
577	583
2262	2316
2359	2356
1526	1198
362	82
1483	690
1246	1083
1288	1054
784	782
2298	2011
1978	912
640	638
420	524
766	923
1207	257
2346	2149
1145	592
2029	1830
1899	2330
598	608
2459	2220
1264	1262
1647	841
159	1614
2152	2039
2037	2269
647	738
1792	1793
54	1765
194	1351
1025	1029
2056	2039
1281	1036
1569	1608
1628	1454
702	1411
1733	770
1097	986
343	9
966	967
1461	882
1457	844
2507	2281
2311	2165
2450	2036
324	328
2152	2235
2291	1745
274	272
2113	2115
1029	1697
1713	1503
621	1035
808	157
339	1443
56	623
1173	174
403	405
752	1057
781	944
1034	1232
188	190
129	135
2270	2108
1268	228
663	666
2255	2185
1544	1546
2326	2214
1275	418
1367	774
750	369
22	1052
1882	144
206	276
2439	2305
2363	2269
931	680
600	1369
154	125
1728	1168
1565	1173
1623	1577
1057	752
388	1856
1193	1190
2017	2021
1588	1313
1534	2146
1226	567
932	688
2060	2063
714	1184
1261	1692
1272	806
1708	1065
391	158
747	1220
2041	2039
1288	387
601	790
161	159
64	70
1589	1367
2226	2168
214	1288
275	159
197	930
836	218
888	767
1298	820
1123	1120
2181	2358
852	69
2190	2480
1511	713
445	451
1719	358
2191	2189
2361	2029
982	432
1211	1161
503	505
134	964
1697	1441
167	173
532	896
548	554
2176	2118
2474	2067
36	207
667	620
1532	299
1238	1236
1478	1476
351	346
2053	1064
325	1132
2039	2086
1162	879
1702	1703
512	513
317	1118
276	277
859	1082
1520	1519
478	1029
1435	1883
1369	1590
330	1788
1828	64
931	1056
1160	1159
2380	2155
1454	780
961	1163
1203	731
1444	994
442	1256
304	632
374	375
301	534
1292	1370
2145	2320
1545	525
157	160
1398	439
1456	1346
1597	1141
269	1984
316	1138
2161	2163
775	337
1284	791
310	489
2266	2268
44	1257
129	134
2089	2151
2208	2209
1519	349
833	645
1742	806
940	209
23	909
483	262
1869	1429
1974	1222
2096	2221
2298	2170
1115	76
2363	1568
145	1611
1498	1231
1868	1651
859	1732
2534	1959
85	224
1307	1114
675	302
1006	256
423	424
540	1365
71	1508
688	836
408	892
465	288
613	211
2539	2155
2267	2083
414	845
833	836
363	365
251	137
2108	2193
74	77
128	1669
1272	439
2282	2286
414	416
863	1159
1295	622
1657	2195
613	835
136	809
1471	1093
56	63
2447	2412
669	670
806	803
371	789
850	815
2169	2042
1182	1185
630	246
626	625
1048	1050
2196	2174
1178	1687
133	149
1560	1159
1328	1739
1673	1413
1543	1631
2362	2168
1329	820
468	824
1041	810
1679	1517
114	277
2096	2013
383	728
834	300
425	1033
985	1529
125	528
1490	852
1155	1806
330	1169
700	78
46	1453
1488	1595
1093	2096
898	118
211	611
986	605
481	482
378	379
2096	2092
1371	1748
2413	2283
2002	1998
1346	1810
2125	2129
2346	2091
185	1542
912	896
981	686
2264	2135
2129	2013
602	604
2203	1093
1305	616
1327	622
2186	2283
1188	747
1081	616
1036	1234
222	233
104	776
887	885
817	145
1270	1271
2037	1958
1109	1247
2274	2234
2284	2012
2205	2179
1392	112
1533	2110
132	691
313	1787
1007	397
2204	2174
2412	2265
1553	1950
294	293
2362	2076
19	23
238	703
2283	2090
291	731
608	988
2219	2234
1442	968
267	270
699	93
372	368
1811	2077
194	249
975	521
1939	1940
88	83
1743	544
512	288
2294	2259
1762	840
2288	2369
1446	114
981	1580
821	379
1829	1908
1852	604
900	99
666	23
70	836
2332	2409
372	369
1408	1485
2260	2202
2466	2337
2061	715
1197	597
206	439
2524	2416
1045	1285
974	1660
25	299
1448	657
896	1149
808	809
1749	990
1324	806
275	1972
991	809
601	66
1714	1713
1046	972
88	81
1373	1053
1715	1075
2242	2428
542	278
673	672
2264	2261
322	323
536	1468
2268	1132
1432	1434
1608	1259
2325	2094
404	348
87	56
1969	1049
413	891
1073	245
635	1738
2033	2230
2039	2089
1153	700
849	877
2286	2219
619	67
215	85
554	692
2202	2322
1264	880
714	730
1694	1279
1773	1229
2434	2438
228	929
2299	2184
1086	1083
949	39
1660	974
212	719
2368	2288
742	1838
1589	136
1071	607
429	1174
545	1661
251	254
2295	2110
503	504
1196	1426
1660	1753
614	615
1890	432
598	1458
1063	2078
1279	1278
1511	327
1189	1188
2243	1891
906	1774
865	591
1518	1842
402	350
2196	2323
364	208
930	932
2125	2062
640	1811
270	603
591	44
276	282
1357	1111
1866	1082
49	96
780	1459
303	306
971	244
648	848
1642	1123
2326	2404
1685	1044
309	464
2448	1736
920	1026
1520	347
1240	1042
164	241
1403	1028
1956	2090
582	585
1349	493
304	692
1820	1819
1445	2436
1262	1130
16	349
2111	2114
1613	980
19	21
801	802
1924	1851
791	680
1728	1643
2390	2180
1684	1675
621	620
2042	2344
574	1535
6	581
132	1109
1444	412
1851	1256
867	767
336	332
2312	2175
320	47
364	438
850	1277
393	179
770	1370
1969	1044
1673	1478
1599	125
2303	2183
959	962
1410	145
698	695
108	43
137	353
1599	1873
1580	818
1105	276
103	929
1514	530
1664	1667
1539	1542
1880	256
1890	1753
291	289
1062	1162
1552	49
402	404
2496	1401
1288	124
171	181
968	652
1634	881
30	1579
1905	484
26	28
2421	863
1654	980
209	942
2022	195
1869	1412
1753	1660
653	60
374	1593
1965	1966
995	1028
1620	1091
1420	795
297	726
1708	252
461	705
1911	556
438	280
650	656
996	1318
975	1147
145	1727
880	1462
127	837
101	89
1190	1189
752	611
599	1025
1557	1902
484	483
323	581
89	92
1203	76
484	481
2405	2406
2402	24
742	1944
245	1110
1473	1400
1887	1356
1323	2170
2169	844
793	1061
1956	2375
2196	2180
1280	95
2148	2149
1193	1188
1463	645
98	947
1459	1102
1900	1681
2416	2095
1840	324
2174	2176
2457	2258
1530	229
1743	450
2393	2134
1799	1085
304	693
167	172
1492	188
71	791
1736	1197
1516	1517
898	1309
2004	605
936	349
667	665
1880	1497
575	244
2395	2409
1747	1114
321	771
509	172
2481	2146
1914	1723
1691	385
1311	112
1191	1190
2301	2002
249	709
2326	1904
1182	607
1070	103
713	1511
372	789
474	478
1756	1868
1206	47
1496	1529
1193	6
2538	2521
757	760
1418	719
1794	1067
519	523
2060	2061
1930	1931
461	187
608	1096
334	556
926	71
2237	2239
2265	2263
7	10
1279	145
2509	1980
505	1184
1515	687
1930	1312
1931	775
1268	241
737	878
849	848
1495	1747
66	65
1524	997
493	496
2146	2485
249	254
1129	17
680	926
1112	1113
318	991
1856	1681
135	1096
341	248
2259	2522
34	1760
639	638
251	1065
1590	407
484	265
1536	610
1678	387
646	1498
2355	2197
640	1812
710	1612
265	482
179	1706
2232	2294
71	1035
324	254
2148	2041
766	924
1590	136
627	626
2427	2092
179	1065
601	573
1554	1557
1393	1311
437	432
920	921
1139	5
358	290
2020	2518
272	58
824	283
1344	1345
455	13
2124	2460
56	224
650	219
1483	708
1875	1679
1454	779
421	356
453	454
1536	1110
1062	645
2428	2236
1700	1701
193	560
530	472
68	67
493	497
448	416
2238	2410
361	367
1104	823
1182	566
1077	1078
604	791
68	69
144	145
136	603
2424	2426
712	693
2273	2010
73	69
2221	2094
1638	303
1941	110
2156	2157
1727	1728
715	1630
107	109
2359	1984
147	496
636	1218
1843	1259
197	340
1218	1220
2189	2466
1373	530
157	163
553	1456
1079	1265
1361	1359
264	263
2186	2177
280	575
1387	1084
142	1483
1356	441
2169	2470
1932	878
2452	2183
2216	2247
1819	1641
651	650
1580	304
57	82
337	1215
487	488
243	422
1771	99
1802	1801
2199	2190
2246	2253
1597	1600
1392	110
1653	803
2127	2126
749	750
800	1227
981	1267
504	663
1163	868
815	1066
1	6
2174	2078
355	1022
211	613
361	363
2081	2174
1807	1569
957	188
1696	1321
2344	1904
664	258
694	1247
2203	2092
413	532
133	303
2345	2468
326	252
1839	1089
191	194
886	1422
900	928
1315	911
1264	1261
1799	1892
2220	1064
76	610
23	560
1099	133
1379	1329
351	354
1044	726
1335	1328
270	129
1197	1001
483	481
220	86
1842	1318
835	1573
2117	2103
1968	926
1163	210
1699	1001
2190	2188
2107	2111
1744	1540
1076	1499
1748	1114
156	743
1329	129
250	251
2001	2373
1397	873
2236	2270
276	207
197	933
765	766
1377	78
69	597
2468	2345
2204	2176
355	347
108	1308
1049	206
781	101
1297	447
1306	1747
1678	449
470	1217
855	585
1007	1716
1254	1177
1437	505
290	292
575	521
2535	2267
657	235
577	584
1768	1442
1281	137
1216	1217
285	472
1137	857
2417	934
806	698
688	852
855	1296
1676	1346
1278	819
1954	1144
439	1232
1132	2358
2184	1946
34	151
2091	2102
1062	446
326	328
207	206
2301	2014
337	658
2150	1956
1610	98
934	2276
2107	2041
2404	2461
2364	2241
2428	2287
755	1334
2429	2121
1595	389
1045	1670
88	2
2411	2327
226	1059
1868	792
1548	1511
1170	1109
1315	193
259	1338
2328	2040
1797	839
337	734
823	1399
1203	291
2400	2160
1978	527
2155	2379
1405	739
763	425
2245	844
1266	1775
999	1491
218	597
472	531
1831	2360
805	695
148	619
2216	2011
686	981
720	730
2204	2177
752	1378
688	148
1503	1145
225	1059
1797	2143
378	383
312	1087
2437	2429
522	244
1213	357
299	1097
2043	2040
332	880
1228	1831
1912	2460
2505	2410
1169	1171
1083	329
569	5
2087	2116
44	865
2532	2040
224	86
909	19
497	206
218	836
2320	1533
862	1168
414	448
200	206
975	939
1323	2127
481	483
2532	329
937	303
701	1342
538	301
2114	2116
1561	1368
1141	2299
24	1320
672	674
777	1199
2373	2250
1889	759
2374	2293
1013	1017
1957	1908
1807	1040
636	632
139	254
224	60
1901	1425
635	1909
2026	1132
1355	1468
2515	2164
2031	2416
1005	585
1810	38
1605	2168
562	1355
264	485
324	264
1754	1273
419	159
832	1165
196	197
885	953
1630	977
389	1457
2417	2064
2212	2034
392	140
751	1155
1007	1440
1635	1592
1410	1611
1061	793
878	77
646	649
1295	218
1333	910
2366	2461
990	992
937	712
446	445
1518	445
923	926
2267	2269
995	1114
1267	1809
518	215
2142	2473
679	836
281	1005
500	1267
1517	758
575	209
439	1255
1462	880
1174	1279
1990	461
324	326
581	494
1966	2081
1588	1712
1788	330
463	460
843	1516
1467	2284
505	903
300	621
470	1402
132	303
2122	1735
1464	1750
1992	1581
1246	1247
511	17
1778	1155
960	1333
412	448
1864	38
1129	710
2030	2033
2366	2016
2535	2184
391	286
1514	215
1334	1335
2202	2283
1085	386
2290	2084
647	926
2152	2089
133	788
411	877
1749	1114
2098	2334
2017	2020
2315	2271
292	290
938	1576
425	1399
2245	2002
2040	2039
2421	2144
1437	1380
500	1266
1551	1550
668	811
615	1656
601	647
767	1471
1051	2231
2048	2053
1657	2347
1433	1434
1379	561
2178	2176
256	1018
1288	1595
1080	50
3	1258
309	751
1966	2066
125	397
2030	2035
362	1404
195	198
1106	215
676	898
385	836
679	67
2535	2288
345	350
1617	1523
5	168
2325	2372
979	1215
1564	2234
1825	421
375	538
1316	1771
927	929
595	165
2385	2082
698	702
122	126
1313	640
156	735
1092	2096
2426	2079
176	183
409	412
599	1369
513	576
372	370
1236	1239
46	788
1437	1441
1667	1611
412	1445
253	586
1458	1118
328	674
231	236
683	952
1624	128
1983	2225
1832	189
2089	2040
1522	991
1185	1738
1673	1247
1095	664
54	153
779	244
658	233
1394	1395
1975	282
1756	1461
43	771
806	1365
1760	34
235	236
663	622
1779	781
1043	645
1094	2524
246	247
573	965
1129	1350
2075	2095
2090	241
1234	1235
680	605
1408	1603
2354	1092
796	2053
1021	1257
231	232
2478	2397
1815	1049
44	234
1686	775
749	369
1844	1732
77	731
1701	1214
958	1037
320	187
121	1691
1854	1855
2283	2080
387	389
2404	2212
2324	2180
1940	2121
1782	355
665	620
1463	1464
510	509
1993	1657
234	109
488	843
814	816
1419	1547
2167	2165
2270	2105
2418	2321
2298	1838
2423	2197
111	931
2061	1756
1918	1147
942	939
1901	2279
354	715
1667	175
1571	260
1669	297
711	715
173	167
214	188
702	93
549	833
126	122
702	803
619	618
2068	2094
1400	1154
983	264
2369	1937
2238	2039
1938	1848
2331	1692
793	1125
2112	2114
279	282
641	638
695	697
493	475
282	1206
1482	1020
674	711
547	1089
128	1265
1217	469
1760	1761
230	734
1291	1290
2268	2178
1527	1415
2072	1982
1795	1797
289	292
2219	2233
979	1707
1751	1398
1395	1394
2187	2192
2290	2198
835	833
709	1072
1749	599
2522	934
1707	979
1818	787
208	202
2233	2408
1052	999
682	1100
1014	1018
183	27
710	1321
2351	2224
103	927
819	1235
2332	1692
1652	610
1473	465
651	660
1751	601
873	463
1890	438
2233	2172
720	610
1578	1666
964	1026
1419	1568
1827	1828
938	1017
216	510
2009	2016
1315	1318
430	1279
1943	2334
233	231
2041	2106
951	949
1536	1447
2237	1534
1065	251
1825	1824
2191	2190
1908	2095
221	1042
263	827
448	1746
64	72
109	423
1568	141
1179	208
1913	270
561	1311
1908	2094
1119	1249
2101	1372
1079	368
818	17
1939	2232
314	76
2449	2088
1699	529
21	861
523	418
258	414
2528	2422
278	534
2043	2086
1241	1496
1318	1842
2228	2246
388	424
568	572
524	528
2318	2186
1319	38
901	906
940	939
739	645
2412	2118
2091	2050
1498	812
1265	1285
2088	2275
2320	2362
29	331
1043	1044
2178	2031
106	730
1458	987
1893	1085
2301	2017
2453	1332
2040	2089
2409	2395
306	691
2415	2041
2144	315
848	644
1015	24
1354	992
867	370
1853	248
1171	1613
567	1173
1935	2306
1515	58
1377	1378
2539	2054
2040	2086
792	1007
109	1139
991	772
1656	1731
402	16
1935	1705
1379	1897
401	44
659	1020
2353	2078
1348	1326
1127	1128
1200	391
1751	68
472	471
1722	427
381	1329
712	302
1605	2023
105	837
899	118
1762	143
1684	904
1360	714
2180	2276
442	1362
1749	1294
1112	1114
795	2184
2242	2011
1367	124
338	728
1581	195
2018	2279
78	992
496	64
711	713
2138	2242
570	458
767	770
811	1398
639	640
1766	887
1212	780
2276	2033
511	510
1452	1660
2123	2460
734	170
1673	1411
1222	1851
1025	38
101	781
179	950
988	496
1260	1264
1377	728
11	12
2235	2085
564	437
2533	2181
1608	1967
1114	834
1272	1364
12	11
2195	2069
1138	1291
1333	412
1886	809
1304	1123
1921	1601
2456	2457
840	1263
712	711
1367	740
649	848
215	1323
692	17
624	241
2315	796
2022	2023
549	550
414	1054
1276	1694
542	1773
150	357
1084	272
759	1044
1539	691
1189	1509
1046	902
787	1583
641	640
135	740
191	195
1858	454
194	805
610	383
266	261
2519	1547
1116	622
1366	332
448	845
1019	1665
1205	1450
2287	2288
496	791
201	208
1927	842
109	237
1089	1000
1417	701
750	547
24	1441
174	594
681	687
2320	1940
371	383
2500	2300
996	450
949	952
592	1023
2168	1605
127	915
418	776
476	474
191	192
1699	1124
1331	2345
1503	1647
166	322
800	1082
1717	1718
649	812
1828	73
1695	1305
2157	2165
100	743
311	313
1419	922
1073	444
461	167
146	65
2327	1904
653	224
735	216
951	982
1860	1178
1421	1422
638	642
211	596
786	788
181	216
737	80
1565	1123
660	1059
599	1299
2072	2507
448	24
2391	2524
1312	1930
1059	653
957	1832
391	230
1130	132
653	225
760	758
1959	2095
1653	362
136	1590
1216	1017
1023	165
620	495
1002	1490
2281	2494
650	652
1727	1503
2070	2072
1487	1488
13	621
1851	1222
1719	1720
2030	2031
1780	1782
1080	797
1389	1184
640	71
1850	1849
740	992
414	1746
1745	2321
551	548
2078	2079
149	153
216	506
411	163
2020	2209
1154	1588
1960	1932
729	419
1700	816
111	110
14	8
1116	1458
2044	2045
52	1080
255	258
207	208
1056	1012
1738	1736
752	1377
988	1645
72	73
1394	1048
1049	1867
1537	1368
350	60
441	585
1884	94
2432	1653
2471	2470
412	409
655	953
24	1835
1425	213
1666	1578
253	579
240	578
681	684
711	367
380	249
625	242
2400	2305
754	1328
1342	1632
1184	1269
1857	1643
1510	1509
1960	495
1204	461
273	271
1932	65
1448	1234
621	836
181	1865
594	844
2400	1332
350	1521
154	1822
939	209
2485	1988
2377	2170
2012	1039
613	1661
981	344
2316	2186
656	1008
1213	1511
1443	1475
1109	225
1640	937
769	1126
717	1873
1502	916
72	791
1968	597
251	396
1524	645
1453	163
431	427
621	932
1860	234
1321	710
239	164
1254	433
1955	2294
408	916
1194	172
221	215
853	386
132	712
2183	2202
193	910
1932	79
1800	743
432	438
1689	173
1593	1541
1514	1674
1838	2125
2508	2088
1927	828
2307	2165
940	411
2120	1899
689	690
1385	1386
761	51
396	338
1567	1408
432	282
1341	327
2047	2382
1942	1342
98	1149
655	650
2327	2152
1884	1276
618	621
1634	1242
1044	1371
356	150
2091	2257
1866	275
1691	1818
20	837
2460	2404
409	416
777	241
212	1599
2269	2392
976	978
285	824
2385	2242
25	792
1819	358
1261	880
1294	338
542	1996
1648	1732
2537	2282
2405	2363
547	148
185	184
340	197
1699	1125
819	695
2504	1164
2058	2411
1768	121
1034	137
2399	1493
971	968
793	67
1356	2094
926	68
1811	2074
207	8
415	95
1693	1136
687	240
581	411
819	565
1116	618
1962	1746
691	303
1833	823
1064	2223
6	1
1900	1493
2083	2422
1654	141
2354	1093
176	179
978	730
1944	2373
1580	252
188	647
2266	724
367	1202
1691	228
2115	2111
2379	2257
2441	2135
2378	2053
980	1671
1959	2157
406	404
1965	1126
1512	1514
88	224
1378	348
2467	1533
877	411
143	156
2193	2194
1505	877
2469	2152
1329	381
527	576
1886	96
1459	1460
2248	2466
120	117
1372	1900
1447	1323
1634	209
1473	310
1115	1118
11	13
628	629
647	679
1851	443
2532	2073
539	540
2108	1999
1910	1005
1449	967
1770	1808
1008	1011
555	1209
257	345
209	941
2415	2275
955	1690
443	1257
1635	1633
261	152
1917	23
2413	2301
1047	1271
1769	1453
1239	1238
1313	677
2216	2290
2514	2382
1716	1739
2503	178
1599	837
449	666
2440	2247
1757	2186
293	295
182	1667
1303	525
83	82
415	1824
382	22
347	1519
2239	1940
193	909
2368	1998
2246	2252
837	926
2311	2309
1513	1568
194	803
1040	1042
926	1508
2094	2129
2236	2235
1332	2267
598	741
926	597
1978	688
1638	937
2536	2206
838	826
930	933
813	302
218	988
209	707
1360	152
1986	2019
2395	2046
890	891
1911	416
205	202
926	837
1075	779
1076	103
1803	337
1433	1807
2235	2056
74	75
2248	2031
2308	2312
370	368
119	1639
293	78
1015	1380
2315	2284
916	919
1433	1228
1456	38
2528	593
1503	1727
1935	125
609	560
2249	2058
2107	2152
1852	1853
287	288
1170	1171
1573	1804
1866	460
2375	2041
1095	645
147	605
1821	743
2411	2206
2070	2056
691	715
2423	2020
1606	1885
1333	1327
2198	2314
561	1115
688	932
1584	787
2260	2436
92	567
396	406
248	341
992	78
1695	1213
512	514
721	309
2316	742
790	496
1267	1386
338	1293
2141	2000
1918	1321
722	2466
1559	615
2409	2513
1384	269
2080	1904
172	948
1463	1465
125	1485
164	158
139	249
2033	2257
2079	2413
393	360
2301	2302
992	493
12	53
2054	2459
108	625
978	548
1078	1218
721	288
855	411
371	372
1231	1499
728	383
1548	344
2415	2108
847	175
2502	2503
1700	418
1201	1023
2255	2202
1479	953
260	2011
1608	1569
2291	2207
822	554
2136	2023
872	873
2209	2190
790	679
1005	282
2151	2041
17	18
165	158
539	541
761	764
964	1028
1702	1908
1723	883
695	125
880	1262
708	521
2077	2302
1205	163
1039	2436
1657	1993
1338	1089
1068	1072
727	383
729	730
2289	2290
1434	1696
2119	2023
1273	225
1682	845
1586	672
2421	1940
953	1287
1147	1146
232	168
666	193
2074	2369
301	536
2007	2458
1104	1109
2158	2340
2092	932
2463	1734
1006	902
2260	1039
154	1714
281	1028
1156	1250
441	411
1200	1023
2010	2160
1899	2116
67	793
2519	415
1042	1040
200	207
901	903
1040	160
563	564
154	149
1378	610
2518	2283
1177	1255
928	444
1446	1350
705	877
1998	2002
2382	2184
1322	1512
1776	2327
450	543
63	1973
629	628
2084	2012
1738	1739
1376	1308
558	559
645	910
2267	2321
1070	437
2522	2277
2062	2128
2515	2283
437	1345
295	878
2204	1564
2368	2114
290	208
522	73
1767	532
1476	1108
552	1136
2174	2175
2392	2499
363	700
1881	837
831	877
2057	2053
548	549
821	433
1018	1013
527	1459
860	45
2513	2409
1651	1868
1140	885
600	833
546	465
1779	1241
806	1272
1453	164
2149	2325
1240	1019
1379	132
927	1455
1510	1189
1526	497
2498	2345
139	252
1518	1098
306	303
1303	529
889	103
1696	290
2327	2294
777	233
1489	878
834	599
934	2391
1259	1033
1075	522
1440	1029
1758	149
795	2335
444	441
1343	576
1098	1318
2166	2357
2370	1838
1712	363
1582	573
940	707
1456	1281
1099	252
25	255
2037	934
1594	375
2067	2307
1397	1394
1895	1653
725	640
2279	1901
1189	584
594	162
2297	2298
635	1886
1453	1205
1509	1189
2137	2070
1107	1511
411	1139
735	232
1729	1943
290	289
1437	903
810	1254
200	202
1138	126
1468	1062
820	822
177	176
2143	2239
2397	2131
412	415
1397	396
574	1580
1261	1262
705	703
280	1041
1661	613
2529	1692
2306	2416
1363	1365
24	23
439	432
2009	2004
1032	1039
1912	1745
2111	2107
1853	254
1776	1775
1899	2114
583	578
949	683
1902	1711
1026	463
448	412
1537	1538
1537	1511
2394	2396
631	737
1074	1498
1139	877
1358	1450
744	103
1533	2319
1426	1278
2361	2305
1294	1340
2212	2175
130	301
621	667
67	791
2372	2129
2250	2001
521	708
2441	2121
739	1699
2356	2358
1414	1415
39	1269
283	285
932	495
1221	146
2124	70
521	519
1724	1134
253	1041
124	825
282	281
2178	2524
1550	1128
1750	801
1715	17
1658	1647
605	258
1864	204
765	68
2004	258
2148	2001
378	382
1284	1285
1119	1433
158	777
668	930
2394	2132
2322	2374
933	197
9	1234
2098	1420
2537	2358
855	398
194	301
2324	2179
72	597
2077	1944
2135	2249
577	587
325	143
2375	2151
232	216
35	39
1955	2375
199	144
749	295
2282	2285
1248	1031
2038	2040
2168	2116
511	1399
447	382
2344	2038
984	1139
815	452
362	1274
2415	2002
390	388
2377	794
1567	1566
1034	1787
717	904
30	1679
2110	1533
2155	2028
1016	1018
231	238
534	807
663	668
1045	1112
62	1666
1937	2472
604	926
1734	1736
1250	1391
1162	836
2146	2046
1764	1763
1272	803
273	174
191	198
42	46
1212	1629
2492	2197
1328	1899
1453	242
1634	1180
248	249
538	809
1828	267
2520	1438
2348	2113
1839	1960
1306	1748
1893	1894
644	848
2439	2185
520	576
1478	354
677	1311
527	1499
1370	1733
2096	2223
658	657
1845	919
2277	2276
1322	1513
511	508
1141	2300
2166	2412
1289	1126
1958	2037
81	82
279	385
1119	217
2159	2223
1841	1653
1186	1187
1025	1441
1616	454
137	229
2328	2042
1081	52
194	380
780	1453
753	756
1476	1350
1530	164
2526	2069
2312	2206
1104	1111
296	547
441	444
284	824
1027	585
1094	2283
1379	674
217	1001
969	1010
15	402
23	193
135	455
1355	1677
1097	256
1110	895
2401	2338
2259	2230
1813	1571
1102	1100
2134	2294
365	1516
862	673
1032	229
2366	2499
2411	1831
151	254
1251	1202
2036	2037
33	26
2372	2126
1302	454
1198	1199
2207	2265
20	24
1322	969
209	1205
1174	573
260	255
2006	1811
1477	1476
392	1535
1539	759
515	1082
2307	2425
1322	1514
1218	1219
588	590
2066	2079
1780	182
2082	1598
592	1147
1322	1831
583	577
1983	2121
1059	224
1339	560
1187	481
2441	2084
1676	1342
726	297
1294	572
907	1029
2038	2039
1956	2105
723	724
410	526
2127	2130
40	1619
836	932
85	81
91	422
53	222
217	1119
1877	1185
2355	2199
686	384
96	93
219	653
615	1235
1529	1412
2427	2206
2091	2073
2285	1164
1485	1739
2207	2316
2100	2094
990	601
22	1800
2165	2167
312	313
2072	2494
982	1025
2104	2103
5	1238
466	1473
2261	2033
2104	2061
1787	715
2407	2340
354	1483
663	665
445	193
2524	2456
1143	1876
674	305
231	233
966	569
1327	988
2366	1797
853	868
1860	1257
1974	1995
133	573
1986	2039
1641	1820
2525	2191
130	132
9	343
746	745
514	708
1670	411
2165	1959
2373	2014
698	1272
305	937
647	643
149	150
361	366
1636	883
289	204
223	224
2026	2198
1340	493
783	428
1704	1637
2077	2289
193	575
719	498
828	1620
1248	797
817	814
1077	1079
1017	1847
23	19
221	1804
925	766
1175	2465
2463	2060
664	1631
1498	1075
2287	1956
157	165
459	453
1330	2336
1860	1256
2441	2442
1738	1050
1046	1047
318	1125
328	691
1300	530
2206	1757
1061	993
1792	1794
1111	1139
851	188
2086	2152
1673	1973
173	1040
2013	2003
2058	2059
2372	2083
1456	576
474	58
2172	2115
336	344
1255	204
478	1025
1070	573
2490	2410
2136	2124
1058	752
1231	253
770	869
162	549
2189	2192
764	51
901	904
953	1509
1695	568
2125	2126
1327	300
2371	2182
1460	527
1256	1257
1744	1326
256	258
491	488
1006	911
817	1690
193	911
1230	606
403	407
1132	2276
655	969
814	817
2104	2091
2155	2383
1975	975
2444	1887
2206	2075
870	873
930	683
1078	442
381	382
1366	1367
1065	1503
873	870
2074	2280
975	974
2167	2285
1526	659
2132	2232
1889	396
1307	824
1366	613
1019	1017
228	104
548	550
842	845
388	390
2267	2322
521	575
1469	1470
1758	1759
99	102
53	221
122	128
2307	2268
962	304
2029	1175
1733	767
2190	2187
597	1398
99	101
1281	1032
753	755
211	210
1083	1084
1757	2206
1000	770
2100	683
2094	2220
928	253
1937	2127
1119	300
993	908
1797	1831
1145	1084
380	199
1349	474
86	60
469	470
214	211
1362	443
68	65
1900	260
794	1937
32	1559
46	161
1526	1726
2519	1444
342	791
2089	2039
497	207
1360	1382
969	1505
688	793
1617	1888
509	510
1484	740
1309	434
372	296
1539	1404
239	243
1564	1248
559	1166
322	1023
715	691
24	1836
1958	2276
1543	68
2107	2039
1082	1219
559	1165
1667	44
558	561
231	235
75	340
2462	2463
2302	1944
1955	2056
401	400
1582	807
2145	2118
1874	470
834	1678
103	900
1222	1480
2080	2283
2282	2175
1564	1757
2085	2092
707	209
1094	2302
1333	1336
208	432
1209	1086
284	286
2427	1729
804	1380
548	552
1354	217
858	43
1464	1463
1945	2399
853	1096
2407	2172
2276	934
1412	1529
998	135
2248	1900
1040	1041
1803	1272
1037	808
140	390
2050	2078
201	100
962	730
620	1205
2521	621
2305	1958
990	993
1787	1613
2271	2105
1493	260
731	1839
1253	1252
1381	152
1221	124
748	96
589	1373
1091	41
453	456
1093	2422
2196	2259
520	578
2108	2003
2084	2015
1449	709
2174	2177
1617	870
1840	1529
2374	2358
209	1216
1941	112
1580	1371
179	1342
1769	514
679	496
116	890
1364	1411
1441	913
1814	1632
1003	1005
923	190
152	153
1227	1228
841	584
1825	1832
1269	1184
1190	125
1542	935
1143	1529
2112	2147
135	1064
1016	1013
2208	2286
738	742
366	1019
2254	2253
2364	2028
1460	437
258	1631
968	410
2496	489
1255	1254
956	1571
1333	901
1200	593
2061	2431
2283	2149
477	474
1427	1100
1506	1507
802	1861
43	242
2405	2032
2040	2152
2055	1944
853	190
582	577
623	625
914	454
2055	2058
808	810
220	1399
2222	2092
2045	2133
159	322
622	618
1637	1638
796	2089
167	171
2262	2261
1532	1290
744	99
1742	1788
584	841
2303	1966
1940	1848
603	1369
1450	323
2084	2088
382	1207
702	695
572	568
438	578
1592	1635
2045	2044
2510	2155
492	490
74	78
607	258
959	960
51	1357
663	619
575	1103
593	1200
502	983
2417	2418
374	258
542	1696
2404	2076
807	534
1799	649
1568	1570
609	256
2156	1959
931	605
251	252
1886	772
1664	1269
2206	2126
1852	988
1397	1208
1563	1698
1121	1120
2106	1956
1828	1827
1273	1274
2377	2130
1319	1320
2062	1937
1532	1959
1456	1343
299	1052
2463	2239
1704	1069
1137	316
1075	1753
637	119
1505	1060
574	406
878	880
2123	1930
1992	1329
1892	384
1238	1237
2182	2184
1271	1836
2535	2182
1648	1219
1391	930
318	551
1645	988
1408	1567
83	625
133	1349
2186	2234
1161	820
628	630
2211	2381
390	1595
2106	2236
1443	212
2344	1038
202	1020
491	487
605	147
604	1645
2211	2380
597	926
131	315
562	1392
561	1830
2523	2454
2044	2046
2339	2391
736	628
2129	2223
1773	1054
1832	1494
2142	2471
1154	287
1369	599
1908	2477
1431	715
1434	393
135	793
910	739
1153	333
1928	1642
579	582
1631	218
1044	808
2355	2492
1905	1662
589	1072
237	1719
957	880
348	346
2264	1899
205	104
1648	1844
1126	926
104	523
2168	1064
2149	1956
2423	2033
836	70
2237	2238
537	301
2127	2062
2474	2178
737	628
1933	1439
1231	928
1768	1025
1460	576
642	638
1870	645
178	177
1743	288
740	1844
482	483
1198	272
235	238
1174	1278
223	225
2006	795
1188	1193
149	156
512	517
1388	109
793	1062
1176	475
1712	1919
2300	2296
1078	1256
1753	807
825	1355
175	704
695	701
375	373
103	99
1134	1723
1785	843
1582	250
960	1328
1350	435
1528	1412
1115	1116
1017	1027
2072	2529
624	626
1075	242
221	1321
2327	2090
68	148
698	806
555	204
1502	1501
2114	2107
2401	387
137	1498
67	68
1875	760
930	197
1041	900
251	406
720	992
2206	2439
680	791
249	139
1299	596
1706	952
196	191
1942	7
1767	420
1304	1267
1131	114
1297	673
544	995
81	85
1095	1097
1278	1282
1058	1329
406	142
2040	2257
2002	2088
645	1055
812	594
1770	836
2034	1092
1390	644
1310	304
1430	149
559	789
1719	829
794	2126
2514	2340
1260	1262
793	597
2173	2025
2213	2214
1693	870
1813	143
2207	622
196	20
245	1205
166	1450
709	380
852	998
2216	2415
2216	2111
782	353
1877	1599
2321	1336
906	901
2177	2175
1940	10
893	549
82	220
2470	2352
415	574
1498	527
1491	1950
1003	1004
651	662
1117	1443
56	624
495	64
718	1635
1326	1745
2064	2065
336	342
2112	2144
1526	1357
2086	2039
394	393
131	302
2105	2108
2293	2500
863	862
2435	2096
2294	2118
1334	421
2518	2356
1008	1010
1684	972
1824	1825
689	692
578	163
1130	452
1183	665
1056	741
1324	144
1832	827
2410	2420
1185	453
86	224
2299	795
935	938
229	1032
202	242
10	2146
32	1659
1027	203
968	972
936	346
646	1424
1867	2267
299	1497
803	806
1554	322
2236	2152
1652	948
26	33
2027	1679
551	1158
342	932
2520	1743
1572	141
336	339
1241	781
1166	1989
915	766
533	131
279	277
637	813
87	83
1033	433
449	1334
1810	1346
488	490
902	1168
1820	358
2146	10
759	1679
415	410
2189	2079
2324	2322
960	445
731	720
1790	1743
105	878
1534	2145
1278	1279
2300	2305
1182	504
891	1197
1785	1058
712	674
1264	799
2033	2276
2073	914
533	301
746	1388
656	1060
1983	1657
1479	1509
462	460
551	1117
364	432
1992	1535
482	265
2344	2042
1830	1119
1562	1563
1634	1020
1117	1668
2019	2346
1987	1988
1371	387
375	1594
505	1380
1904	2206
175	1139
2148	2250
1359	1360
1094	2186
116	330
1130	43
338	1138
703	705
1196	750
2395	2509
771	321
938	1945
1014	1013
1337	1113
1499	280
2057	2056
429	1523
1288	389
2269	2179
1317	901
1311	1115
263	615
2401	388
1674	1243
832	315
2056	2235
382	1077
216	1022
35	37
811	1614
2039	1937
1897	78
446	218
1898	554
1093	2094
2034	2354
478	475
1664	1665
2471	2473
1231	1076
741	836
2494	2496
1284	102
2225	2212
1741	1278
1216	1013
2511	2518
568	571
1855	790
1573	738
211	610
1058	78
1642	1708
2353	2354
2275	2236
1851	94
2315	2015
1847	1845
2084	2002
1807	1848
892	849
244	522
691	306
1944	2077
971	892
790	67
2114	2216
1099	251
618	496
774	775
470	1216
673	863
2254	2246
2290	2362
882	1261
395	1592
1778	126
1285	521
1548	301
1106	823
143	689
393	6
664	495
974	205
2057	2059
1155	789
2010	557
2416	2321
798	515
2367	2132
2421	2459
1165	834
160	163
608	742
1114	1112
2197	2190
103	928
2376	2392
668	664
132	715
2156	1692
1904	2211
2374	2066
1944	2013
1461	879
64	73
653	226
2288	2076
429	568
2369	2236
2288	2368
300	1118
306	674
310	800
1880	1887
2081	2301
2401	1455
2130	2128
2180	2033
1116	1105
2050	2410
1392	1119
2241	2237
2204	2207
1100	1102
198	332
137	791
1169	828
1932	750
2430	2257
2433	2434
1480	704
1259	764
442	44
1955	2041
310	1965
625	108
1800	1569
1609	1569
259	726
1983	2292
1858	837
419	335
397	398
1214	800
567	8
348	271
1036	1032
738	647
2066	2033
2152	2086
2148	2325
1154	309
117	118
941	575
2450	2452
792	1085
1313	1043
1091	1961
169	171
2239	2422
2087	2128
1428	1429
2271	2041
2161	2054
199	291
1833	1106
2355	2172
129	137
477	1021
258	217
2111	2115
853	1163
999	124
2266	2037
833	600
2109	1776
748	584
881	1067
942	940
471	473
1678	1000
1043	1045
1270	128
835	173
109	107
723	259
1923	1154
1956	2260
323	322
777	162
218	1116
476	140
197	380
427	428
1888	477
1575	1045
907	1304
780	418
57	1108
1141	1597
1142	113
137	924
351	47
328	937
2336	1330
2517	2314
2208	2257
964	1027
728	1323
2105	2089
940	943
2023	1736
1714	1503
255	259
812	1498
1803	17
1578	1667
2457	2391
1187	1186
681	688
1125	68
2062	2126
180	176
424	140
772	647
755	396
527	1205
2436	2013
2052	2487
1392	1393
949	950
1225	1226
2189	2355
1815	1814
169	219
1263	1262
1924	1732
830	60
2056	2086
982	949
2178	2285
773	67
2151	2105
2200	2189
794	2127
431	1523
659	83
303	674
2246	2211
167	175
2190	2189
1494	1496
163	929
1086	1246
1975	685
1339	666
300	834
2005	2008
1981	2165
274	408
2221	2013
2327	2087
136	1777
109	945
2502	1318
1509	953
2008	2163
373	376
480	772
1701	850
2081	2186
2207	2457
626	624
973	974
2504	2301
2301	2202
911	1937
732	495
518	1794
1903	1337
980	405
1998	2000
2371	2252
1326	319
335	417
1068	1069
572	429
1619	39
805	803
963	647
1576	134
45	860
702	698
2092	2096
2014	1904
2043	2152
743	419
592	1145
677	629
694	1171
584	1253
629	677
102	794
2220	2129
2087	2170
323	1023
1793	387
830	86
811	1197
2184	2182
1859	1207
1957	1410
1289	1290
2347	1444
2233	2232
781	964
2079	1955
1333	612
399	1610
717	845
2135	2442
351	352
1754	1410
1307	468
2494	2497
1771	691
2388	2440
1000	450
2448	2122
1344	160
102	795
2289	2114
1878	659
902	1854
370	372
26	34
1138	1314
899	898
392	1581
1511	1606
1136	1373
2455	2249
727	1447
1105	84
992	986
462	703
431	568
1609	1568
2285	2089
923	188
1244	978
1595	1288
485	1169
687	1593
1180	286
1731	204
1750	1464
36	35
555	1210
1288	385
41	1305
529	445
1083	1087
2058	2056
1700	849
578	322
2173	2028
2285	2265
706	523
2404	2121
307	308
247	857
772	773
976	977
1650	1168
1831	2320
2037	2083
2000	1462
2382	2211
1566	367
564	1460
1713	1714
259	1643
1043	1046
1183	1035
1469	1201
382	378
358	1730
425	222
382	260
744	900
239	240
3	329
69	1543
977	1204
558	560
2017	964
321	323
6	423
384	1892
1779	1070
2353	2083
1350	57
1494	1495
2230	2265
680	931
1546	1544
430	427
2272	2090
1891	2165
1787	1034
2340	2310
1805	181
124	742
1298	1910
243	810
1126	377
942	948
561	134
897	750
143	1489
585	855
5	236
2467	2468
910	997
2465	2155
1541	1539
1227	800
1423	179
465	308
1671	223
997	742
1310	693
2355	2191
776	241
2490	2398
1562	522
1698	1040
2128	2129
2067	2412
198	191
1887	320
1231	1498
344	680
2384	2207
2051	2102
1722	636
2119	2121
1234	1448
212	1896
1710	1015
1495	1494
221	60
808	413
1943	2333
143	185
1243	747
98	97
1614	811
350	348
2283	1956
212	1117
2160	1508
2107	2151
547	1398
1652	604
1047	1675
1815	1632
1230	598
2410	1937
1298	486
635	406
2299	2458
1052	1096
281	279
1280	1278
325	132
1396	1494
2345	2380
2489	2081
1194	1066
15	11
2450	2451
2410	2116
1811	2075
671	1813
2164	1757
2284	2372
606	1351
850	1701
1072	779
2269	1958
668	495
1872	725
518	816
211	214
2080	2078
498	502
1582	8
2094	2092
284	283
1545	1622
513	573
713	715
1100	927
1350	1233
993	793
963	965
15	1402
1188	549
2480	2190
405	1640
824	285
1565	881
2368	2120
309	1881
2167	1959
1295	64
644	849
619	667
364	435
1180	1072
2226	2130
2115	2349
364	1883
1025	37
1072	780
755	259
653	86
1017	944
791	926
1338	1054
1323	346
1161	788
995	996
205	1172
922	857
1642	633
447	449
242	43
1729	1720
1411	805
127	298
1407	604
1797	2231
727	371
1874	469
821	708
633	632
186	188
2083	2278
2126	2087
2068	2095
113	116
514	550
1561	343
2435	2094
1354	78
1362	441
538	20
324	132
1131	149
280	707
1738	1735
1918	521
830	225
2038	2043
614	617
1339	495
571	1085
560	493
2345	2103
2021	1462
210	213
106	1794
314	317
2467	2062
241	164
2372	2325
1524	1605
149	151
1405	1406
956	1580
1388	5
1840	1412
197	1468
286	520
1118	608
2483	2373
198	195
99	104
317	1549
432	434
916	408
321	1023
2033	2174
355	936
672	673
2082	2097
281	1632
2490	1745
451	608
1699	738
1700	592
866	1177
1686	362
116	263
1981	1250
2144	2169
2168	1899
1867	2390
140	385
1570	1482
2200	2190
1458	1645
1190	320
1170	1169
681	686
1132	2181
1266	1318
2522	2164
17	348
1858	564
348	274
937	132
1295	300
2248	2474
1272	457
703	238
1978	733
1986	2086
71	663
2435	2042
48	49
459	178
2272	2436
969	67
638	640
2537	2030
133	1107
1943	2003
1533	2320
1800	1608
1430	1559
1738	958
689	693
2201	2381
605	340
2194	2128
953	701
659	1022
884	705
1331	2143
2274	2088
491	490
806	695
931	1012
1007	1721
572	179
1538	1273
1793	484
862	1167
1577	905
1813	1302
2369	2196
292	565
1203	78
1696	549
1256	443
1394	27
1274	1244
1036	1034
681	682
2229	2389
238	1145
1932	923
1034	1786
272	494
2240	2163
318	740
1818	1744
1800	1123
1993	2066
375	374
1456	520
1276	660
2231	2061
2387	412
1782	45
1388	236
2169	2144
1482	1674
1416	885
532	747
842	265
252	396
2110	1797
2382	2466
925	71
142	1671
1429	1428
1649	633
781	100
925	988
276	278
2275	1039
2163	2242
749	124
2125	2127
512	389
1463	1466
572	552
308	307
1902	1715
645	1052
983	502
2170	1323
1992	78
137	1035
2084	2039
1501	1502
2452	2336
452	215
478	493
1017	917
1719	964
2160	688
691	141
127	766
971	280
1956	2325
1205	687
2426	2425
2450	2335
1563	744
655	652
839	792
224	653
1853	255
1242	1245
1910	576
1212	205
229	1035
462	704
443	1362
1837	267
1255	197
991	1093
1211	1862
2475	2132
517	179
1838	1420
2178	2412
1449	681
643	646
1957	559
63	1135
438	1040
2404	2460
779	1453
665	1183
136	407
1997	310
482	484
1253	841
586	744
482	486
2195	1657
2116	2118
473	969
1870	1661
2042	2373
495	836
238	175
1492	837
1586	1481
1486	837
426	1838
1462	457
1215	83
1479	701
2046	1564
857	287
1104	1107
1797	2320
341	336
195	1244
1292	124
257	349
796	2056
384	683
532	1189
1350	1108
352	273
2402	2403
1793	1596
1288	388
909	193
2051	2048
2126	2194
794	2129
575	280
757	759
1432	1433
2356	2359
506	156
2166	1094
908	825
223	181
2311	2154
656	650
2379	2033
2220	2221
266	262
2160	2321
1030	1031
1044	1043
272	1145
1267	171
215	452
1548	1672
886	884
118	898
423	425
1643	1856
270	1290
2100	1323
2153	2047
258	664
1311	197
1367	775
2311	2308
247	736
1769	762
1889	139
247	856
2407	2209
1164	2186
991	852
643	649
84	88
810	812
2271	1039
1185	646
320	321
2131	2046
595	591
2381	2380
1546	1545
1803	433
1566	259
1225	1224
2407	2189
2467	2469
1400	1923
754	536
16	15
1458	1119
2127	2092
85	56
479	480
1892	981
2339	2233
131	301
447	445
1443	1599
707	943
2251	2131
1156	555
221	967
330	252
1674	222
955	1353
619	70
1323	1937
1780	1781
1845	1846
1360	31
510	511
1363	805
2374	1944
2327	2088
1147	592
1807	1926
2277	934
1382	714
2411	2419
712	132
139	251
2398	2444
2186	2263
1489	999
1989	1990
753	754
2457	1444
1537	1322
1096	1460
69	64
364	1382
1651	366
140	391
324	179
1232	807
1988	2340
14	1275
2009	2012
2108	2220
1211	100
136	1751
2097	2082
1641	1819
2218	2217
2322	2196
498	499
2262	2317
147	148
711	132
1286	1001
2085	2041
2427	2284
1762	363
349	15
1924	91
125	398
1453	780
2539	1366
682	1099
854	144
782	784
1340	1165
199	380
105	268
901	902
1394	179
556	1346
2134	2452
2521	902
876	44
2482	2473
1176	477
572	1706
2124	841
400	402
2174	2081
1890	1515
1614	300
178	1342
1807	1433
2024	2028
1713	140
1354	993
204	208
368	370
2272	2202
1610	1101
1956	2085
2110	2362
456	453
171	594
1590	1369
714	1908
2127	2232
2300	1094
1866	1607
562	1044
1523	1612
552	548
1707	1204
226	219
919	806
1163	1162
350	349
974	807
1856	1643
209	578
130	302
2346	2420
2463	2130
2293	2408
2285	2207
378	130
1065	439
115	113
2426	2424
1161	692
742	902
1294	369
1063	2202
727	561
1998	1999
907	193
522	1075
1114	1749
1400	1090
2331	2332
2158	2491
1369	136
130	304
2325	2130
608	102
1685	544
2333	1951
1435	346
1612	831
417	391
2534	2295
1242	53
391	166
228	1500
2216	1940
1544	1545
1255	585
1356	442
195	193
1205	241
141	718
1891	2036
2047	2314
103	781
1931	1756
1853	1852
2158	2417
666	1339
2154	2160
52	1219
1088	1089
93	805
686	201
598	342
1123	125
1074	605
1105	1110
2062	1323
1749	1058
231	234
2421	1939
430	1690
606	1737
1853	1880
2480	1564
2165	2166
1239	1237
2302	1092
1344	98
57	664
2304	2266
108	83
1813	454
1170	304
964	982
869	767
1140	1994
1508	597
860	349
812	1100
321	238
1713	390
2426	2516
2181	2175
2084	2090
2085	1038
484	502
2220	2092
1284	1286
1735	2122
1901	2428
566	1013
1923	1400
1133	1134
838	505
2459	1038
1182	664
49	1388
1135	970
1315	262
1855	446
1105	1358
2475	2184
188	923
253	928
544	996
715	354
1821	1016
1139	1670
1215	1531
1199	578
408	514
1439	1655
1652	1650
923	791
1118	217
1772	1774
2155	2380
1992	392
2518	2174
178	1535
38	1456
180	178
34	1255
2088	2087
822	692
2353	1745
1653	697
434	1472
1071	1068
521	941
1918	708
1572	1573
1453	1456
20	21
585	1177
2307	2067
1000	1383
742	910
764	425
194	974
1546	590
176	181
648	892
2417	2416
304	330
2225	2232
1177	474
2226	2077
1768	1334
1947	1186
1197	688
1226	1225
1249	42
359	185
460	463
1966	2303
1940	1939
1028	1455
99	106
1377	1379
1542	1539
217	1118
353	965
1824	1016
120	1863
2404	2326
52	1477
2221	2092
1039	810
976	981
648	346
1185	892
2133	2132
1783	735
2260	2056
612	214
1234	819
492	395
2231	2124
73	1508
1807	1925
1066	1687
495	148
1387	161
1888	1606
2041	2151
2061	1461
1286	69
473	95
951	804
645	1053
1101	890
986	1230
2221	2129
1912	1937
1212	203
333	334
2125	2128
1454	1627
367	361
693	689
1105	1040
661	662
1738	1185
1954	1685
1813	1553
990	991
1126	837
1518	412
776	1040
630	247
573	1173
476	47
276	181
1109	83
1639	119
181	171
2395	2132
2348	2349
1392	1549
77	76
23	24
1790	543
1097	608
2205	2416
2506	2398
419	771
370	867
707	520
349	1521
1552	895
331	332
647	67
738	740
708	967
89	93
1478	1673
2121	1983
427	431
158	165
158	591
305	500
325	1131
976	149
1355	536
910	193
1	5
832	834
1893	512
2308	2311
2312	2204
2371	2314
636	1322
619	1321
2196	2324
330	116
3	734
2136	2050
110	111
2255	2078
2041	2089
2435	2090
1934	510
1316	1314
561	558
2453	2454
1345	1068
301	538
2368	1899
731	21
1305	1307
243	1607
1197	68
849	892
1709	324
1208	1368
2005	2007
2380	2211
1091	1409
2072	2513
279	281
1253	748
1246	1086
1048	141
151	358
1939	2004
138	133
406	250
2420	2050
1270	751
2338	2445
338	341
2305	2379
1523	429
1231	553
17	511
1601	816
1013	1016
2396	2358
1350	82
1609	1450
1332	2374
1177	475
610	1378
346	1323
2449	2057
625	83
1585	1584
2414	2367
1212	827
1630	643
1506	633
1364	803
2439	1063
2441	2443
1824	432
2194	2234
1261	1462
815	881
2098	2015
2182	2186
593	165
1149	1150
2417	2158
184	185
921	1639
893	895
709	379
2326	2073
987	1458
1325	1043
464	465
2523	2405
323	321
1898	1820
1426	637
1335	544
927	1459
173	582
1763	1764
2387	2402
650	54
1114	599
706	708
2080	1958
30	1572
214	612
589	1187
1269	39
1469	418
661	86
350	355
2041	2236
610	728
2	109
1300	1301
1753	438
1058	1379
2490	2073
1322	215
1970	2028
1502	1231
2002	2087
959	80
180	177
1080	1081
1958	2305
301	537
749	77
846	842
1184	1382
1595	1488
445	446
530	161
2235	2107
1412	1528
122	8
2043	2056
1269	1268
1743	269
1880	243
169	735
1064	2053
1076	253
420	1531
1709	887
847	104
1872	1755
1101	1480
833	834
572	1136
1047	1952
548	551
1287	841
764	762
1705	443
1599	41
1693	430
2394	2036
424	1288
240	581
630	736
757	716
1138	316
2301	2078
974	8
653	219
1699	551
1116	987
1268	1269
138	139
1434	1432
946	969
1329	1058
2237	2009
985	758
2073	639
1198	593
2140	2144
808	549
1599	1868
36	276
170	475
1468	383
2394	2155
1663	998
1870	625
709	974
222	84
623	234
1124	1126
2310	2211
1572	154
824	284
2148	1956
693	992
2091	2152
318	1751
196	198
593	771
1690	1101
1930	2000
2233	2065
1376	1375
988	836
616	1305
1107	1104
233	776
768	1320
2452	2294
1047	1043
1376	1067
843	846
1107	327
688	608
2226	2114
977	631
1100	682
657	658
571	266
1105	620
548	553
2114	2362
2199	2197
1060	1505
891	1953
1831	2114
1255	586
2365	2364
1397	433
1285	1026
2349	1986
918	218
1424	646
1823	976
1842	1250
820	1329
2483	2499
2378	2092
668	665
1383	148
229	791
1136	1135
1139	945
1664	1610
752	295
932	575
665	664
1492	190
1768	421
2170	1937
1066	1130
414	1962
1314	1315
522	779
65	148
1236	1238
1476	57
2195	2193
1662	1663
1538	1537
418	174
994	1548
979	1610
1484	1985
2083	2353
1163	1077
541	1539
167	169
750	897
2105	2106
1038	2041
547	73
14	1276
974	1230
416	1972
1731	289
2014	1937
977	1206
918	919
884	887
1912	1605
1101	1257
1591	610
2123	2403
237	705
282	1632
993	740
1377	610
1524	605
2509	2171
601	932
244	1453
2341	2343
734	1450
2439	2186
2487	2054
1479	139
776	941
1660	1232
2019	2345
2460	2108
1139	705
1257	167
1493	1900
518	1708
1425	770
731	730
2180	2390
955	799
1039	2085
907	1025
1447	610
2402	2404
1075	280
2033	2265
2169	2503
596	597
388	391
1922	1134
66	69
66	601
351	345
277	279
2195	2223
1313	447
2519	2457
1717	1516
926	680
262	483
671	515
1419	1258
12	15
2364	2366
1373	966
2139	2387
2149	2085
508	509
1907	1653
2344	2338
355	16
2033	2259
443	1222
1187	1402
1262	1694
987	598
939	941
2047	2198
1284	128
1089	1338
1176	88
683	682
1378	350
1753	1230
1974	532
1890	1456
1228	310
2248	2303
2232	2127
1983	2195
393	395
791	496
583	947
773	1286
1654	363
1787	1483
850	703
166	243
2452	2176
1561	457
227	229
1593	1049
880	1261
1446	1476
1712	980
1024	1610
1618	1600
1092	2087
1405	123
2429	2437
55	58
1358	245
507	1621
2120	2140
2447	2179
1153	1155
1260	1261
446	618
1287	953
341	1157
2449	2056
1493	2399
1689	167
1454	1459
541	629
2236	2041
55	60
982	1255
2381	2310
313	1659
2176	2178
816	814
604	71
996	1587
634	1798
253	1231
1754	1318
1023	419
698	803
244	594
2060	1953
290	34
1747	880
1311	314
2017	1986
326	141
1531	1233
1794	518
204	1390
1059	60
181	1452
1857	2037
2235	2236
538	375
2245	2116
2233	2251
113	114
1192	1303
699	96
301	535
1398	597
1640	405
631	1392
1283	1460
1539	132
2149	1038
2396	2199
847	850
547	551
934	1958
1301	530
2438	2434
1542	185
599	1058
29	827
986	102
1515	438
1088	1094
112	1392
570	1136
2080	2202
2205	2219
1578	877
2117	2326
598	1345
2167	1092
1818	827
2030	2032
89	95
2340	2383
2493	2379
2268	1164
804	1381
1240	1241
957	1595
726	1237
721	719
2327	2415
1508	71
2539	2429
803	698
229	227
1435	619
1583	1585
1184	1228
992	993
2396	2209
238	778
353	963
2287	1900
125	655
1796	2231
1542	353
133	138
956	799
511	509
127	1116
1349	58
2033	2079
648	644
114	113
2280	2097
793	446
205	206
1508	68
2026	2024
1582	1659
358	982
1871	1872
445	448
1144	839
2195	2320
838	550
1395	1477
2293	2078
236	231
569	947
599	1678
1163	901
2329	2212
2172	2437
909	1337
1680	1682
520	286
1285	128
358	553
1043	901
1053	858
1935	543
2403	195
2396	2394
1206	1110
2536	2480
1085	589
855	582
1407	268
1138	197
2001	2130
1559	499
480	124
994	1547
232	507
104	418
2421	2388
1845	1390
2522	1164
378	258
2372	2148
833	835
1392	1391
66	680
560	1339
887	462
2236	2039
727	369
942	943
660	653
164	1453
1432	37
698	699
2058	2057
1084	162
1338	1000
1435	1481
230	703
2432	2269
1809	818
1460	1459
1911	1182
1310	751
1947	1949
1801	189
451	1117
2388	1331
1669	128
1295	607
2315	1064
1586	1435
89	90
2	88
204	358
1976	1861
1136	552
1074	579
120	1815
583	582
1450	943
2139	2365
259	1566
1422	886
257	1208
1976	1303
1295	1230
2107	2056
1676	792
2442	2135
1029	1441
2351	2159
1330	2448
973	939
2484	2348
1316	1167
1383	622
1104	1108
285	284
952	1179
1230	1232
1910	549
1072	581
1524	258
2207	2353
1825	245
1820	1641
1653	1411
678	856
592	1148
624	844
352	594
1839	526
826	1297
1717	1592
112	315
1038	2090
1242	1195
2162	2097
1812	2501
1467	2290
1044	1362
1104	1105
543	545
1714	154
1858	1851
609	605
1769	404
1254	585
2090	2085
1342	1815
486	484
2173	2331
307	310
1999	2003
1838	2094
78	319
1504	309
443	44
1478	694
280	586
1980	795
1597	1094
1815	1342
236	238
496	924
806	1742
148	932
2418	2283
1358	1072
983	1273
1992	129
285	531
780	779
807	8
660	60
16	137
9	697
323	1024
665	495
1100	1255
212	1318
1496	980
2283	2202
2140	2141
1021	43
1531	83
224	84
419	322
1304	907
167	168
340	258
1597	1598
780	594
265	983
982	585
1565	1259
1775	1266
1147	657
1196	1424
2325	2090
1726	494
1946	938
1736	1462
1085	1799
112	1830
2127	1323
1148	1200
1188	463
1655	204
2207	2291
1096	1061
1414	467
1311	319
776	104
1534	1289
2131	2132
1671	980
596	601
2324	2196
669	671
1133	2
249	251
1305	1308
1224	1225
2180	2037
1642	1106
986	837
1174	429
1320	1283
739	1124
1200	1148
1241	779
72	584
572	1523
204	1255
1203	610
177	138
482	502
2077	742
1109	1276
985	784
1221	602
225	57
95	1280
1913	906
2270	2056
1824	1019
946	452
2173	2184
1633	1635
22	1577
2315	2362
1846	1585
666	449
511	425
88	82
1506	1431
1760	1186
1331	2320
655	1452
2436	2272
2140	2143
965	1173
223	60
1274	485
1951	1939
888	770
2096	932
1968	767
864	532
881	428
2162	2011
1821	1686
665	621
1645	836
418	844
2159	2095
409	411
1920	1485
1924	1844
1684	1044
201	565
681	608
2008	2237
1993	2067
2364	2365
2022	1272
1448	1103
1164	2002
1593	119
286	579
568	569
911	907
2310	2380
436	432
564	928
56	231
927	900
173	1252
941	939
2492	2190
1062	102
256	105
1161	1211
748	93
233	778
508	510
910	931
997	645
1338	907
1496	406
1040	575
2294	2301
604	988
2418	2175
2188	2153
519	520
1352	412
2519	409
436	414
53	215
1503	396
1328	1900
514	821
2032	2511
1347	525
1618	1138
87	85
836	495
2518	2180
1808	165
1487	1489
550	1129
807	974
477	272
754	259
190	1113
143	1762
533	534
2266	2338
687	1205
2069	2195
1137	27
2015	2315
831	1276
2082	2099
628	631
148	621
2270	2272
1900	2011
1108	661
328	693
1516	846
1696	204
193	907
2145	2333
877	1139
852	1002
500	501
1032	1038
1335	726
2297	795
709	404
1188	1191
356	420
1847	1017
504	303
896	893
988	608
1056	910
1162	833
2520	1643
614	173
1656	279
708	941
2179	1912
2125	2094
2394	2395
1525	1526
206	200
235	233
1175	1981
212	784
553	1231
961	1310
1417	125
2164	2139
1329	499
707	941
1044	1372
2041	2105
158	166
2198	2178
1074	744
1852	380
290	204
988	620
762	764
1148	1023
74	80
708	1101
1230	1146
663	667
2351	2016
739	1056
1277	1101
2523	2370
204	289
2375	2152
722	2476
1992	692
591	866
1626	628
784	984
1065	981
709	207
1113	52
166	578
996	1983
499	502
200	208
1715	419
1254	1255
75	861
1524	833
1860	44
224	1176
2418	2285
152	149
2324	2197
131	304
1810	1031
913	1697
145	1410
520	581
2306	2461
1003	1007
817	1929
1154	1285
1490	190
1098	256
837	1126
2408	1092
1581	685
1471	2078
52	1526
2169	10
1353	955
2384	1951
1459	1628
1620	1360
575	967
957	1487
2320	2143
210	214
725	723
1817	1492
1252	912
249	377
2152	2041
665	668
1980	1982
1021	777
1060	844
523	573
1884	91
1445	2519
440	441
818	822
1959	2165
2275	2085
134	27
763	510
1164	2301
64	71
2490	2206
834	833
19	20
673	862
2309	2311
442	443
1450	1205
1581	1535
84	86
315	832
2220	2222
1430	970
2179	2316
843	1784
319	78
821	818
2282	2284
2133	2131
797	800
1764	1420
980	133
2191	2209
1034	400
1204	1178
1221	1219
216	735
1576	1964
2180	2179
151	34
1376	1605
2398	1887
1041	104
405	981
1407	603
2351	2352
2471	2123
2117	2161
2392	2269
523	103
2517	2504
1394	1396
422	91
492	718
1078	440
1070	1072
1669	1138
496	679
1065	140
769	791
1718	433
396	254
430	1816
1903	1370
2303	2506
926	1035
816	1700
488	45
1235	1234
502	484
1343	1345
2130	2094
2323	2200
873	872
882	1461
1244	195
2269	2374
1595	387
1118	607
2452	2078
153	152
1944	2039
1058	450
966	515
1193	747
286	391
829	781
411	708
796	2316
349	345
2337	1966
316	1409
1663	1662
1747	1801
922	264
857	501
1297	674
1298	1433
2287	1831
128	123
1039	2271
298	102
2427	2460
1677	1644
2389	2227
1954	288
829	1099
1157	360
1998	2003
46	42
2065	2260
466	310
1627	1629
640	641
2046	1959
2468	2467
1451	286
923	1492
82	1233
2229	2198
701	695
1355	825
320	323
2277	2128
265	266
239	244
2094	2096
1013	1018
2163	2161
2270	2271
275	927
843	758
2323	2199
926	791
1933	1440
1614	598
2038	2042
298	300
1971	1972
1179	1180
105	99
1675	1228
542	577
763	1033
1593	829
2119	1999
2031	2357
1569	449
561	328
1311	338
713	1634
1610	145
1297	813
2460	2123
973	952
68	926
547	688
349	347
1172	1176
1710	1185
12	13
2168	1937
769	545
2525	1891
1120	1122
605	148
145	1578
1870	663
1631	664
1919	1686
2397	2024
2058	2053
2494	2495
2190	2209
578	520
2182	2185
870	872
810	228
2355	2189
600	495
2129	2092