63	59
59	40
487	538
133	189
275	11
748	445
787	353
499	43
128	11
892	518
10	38
583	733
126	168
302	798
784	1044
27	12
451	392
385	215
157	2
829	824
254	4
913	224
107	49
413	310
125	518
653	114
991	55
108	77
55	119
929	518
762	125
168	349
1134	220
352	1121
105	12
1191	777
186	3
302	990
387	202
832	858
168	339
90	103
982	790
168	155
454	170
270	97
1101	462
778	768
1034	198
23	210
654	436
459	288
1072	436
17	31
736	749
339	12
896	897
632	353
719	14
106	112
1103	551
37	148
171	4
605	538
134	12
66	211
159	81
766	772
654	758
82	246
486	778
1166	844
578	596
964	741
246	659
19	5
778	84
861	6
655	539
1020	584
98	11
172	40
135	286
244	42
96	152
702	35
90	353
1137	86
23	296
742	534
741	755
653	539
266	119
188	6
370	126
60	94
370	736
681	930
69	6
90	158
660	168
1138	712
861	551
738	819
537	168
216	49
144	76
15	462
127	802
1093	189
607	13
457	86
32	81
1218	49
643	118
666	40
440	75
1116	348
47	24
513	517
828	638
689	372
302	660
50	118
539	15
987	400
605	451
1207	1208
153	46
1031	795
1050	183
1045	630
109	50
1003	15
890	539
487	667
508	11
137	27
27	205
128	148
740	100
802	429
97	100
15	777
1044	1024
83	51
302	823
491	12
786	425
770	15
60	32
425	310
432	12
233	380
248	104
13	99
454	103
801	736
1146	177
302	1026
1110	593
402	60
740	125
811	667
861	126
260	104
229	121
736	744
160	660
486	160
1050	838
169	170
740	117
50	2
848	349
618	91
240	94
918	220
510	11
660	763
57	190
605	160
831	55
149	76
668	141
105	284
578	3
17	32
638	771
857	714
114	121
19	3
786	535
1125	77
66	75
149	151
892	464
3	95
265	154
267	14
740	186
64	579
105	22
669	791
302	838
927	712
135	243
445	928
182	692
102	48
420	4
689	302
154	165
105	201
831	1117
767	863
689	148
60	303
675	76
1066	163
1168	117
302	988
23	137
756	593
182	99
370	529
37	99
152	42
627	11
241	72
472	246
810	221
1044	436
485	534
633	131
233	537
1016	55
167	69
775	51
22	98
353	98
280	8
302	860
785	892
535	784
287	400
326	79
134	99
551	681
31	80
107	28
59	102
516	115
111	152
736	425
501	155
569	75
476	143
574	43
1099	348
118	123
1065	5
76	118
145	241
941	859
84	102
898	535
802	303
884	451
101	22
237	361
653	372
342	5
461	246
40	83
1099	114
350	121
31	533
79	44
673	15
740	777
651	867
827	539
248	108
64	438
831	551
804	806
50	58
826	127
432	44
111	44
1140	183
133	265
127	518
1087	462
293	76
766	121
224	768
111	101
239	5
1103	855
382	171
281	310
943	445
27	424
155	15
118	15
86	451
197	198
605	55
353	125
233	11
352	55
579	310
128	89
1210	117
927	302
751	485
37	219
578	231
64	93
95	124
244	3
653	425
1186	177
178	114
778	660
574	11
406	1
354	355
90	258
339	931
841	487
1093	224
137	83
1163	77
260	26
352	353
153	98
688	638
490	284
539	483
964	583
852	1149
736	756
551	993
801	224
1110	352
301	192
1190	224
638	855
926	678
942	303
961	183
892	629
154	109
786	762
127	1194
127	1038
982	630
504	249
814	189
964	302
1191	114
479	68
566	126
1020	302
605	114
229	221
1078	163
134	200
4	26
844	771
171	112
518	777
379	515
105	94
250	55
838	795
551	1067
94	310
688	125
339	302
188	3
487	736
145	12
339	914
956	678
643	353
138	99
237	292
378	379
833	733
978	120
22	53
832	794
335	3
393	11
534	55
416	108
756	183
892	691
593	689
892	125
101	113
60	6
605	778
578	201
37	622
866	55
903	904
135	99
825	487
579	5
109	64
459	14
1034	118
675	541
839	177
32	108
1207	177
250	46
490	5
521	520
47	12
338	425
17	36
953	177
137	5
1017	163
503	504
801	738
459	212
29	76
107	275
993	446
1154	224
244	49
95	109
82	51
403	3
1007	812
99	12
892	515
149	79
1199	183
626	46
107	89
751	539
749	303
339	168
59	141
89	79
1086	189
55	436
638	736
237	3
421	27
71	108
172	111
789	678
41	11
696	108
3	8
859	941
398	94
59	234
229	445
1020	15
5	184
270	339
20	3
134	5
791	126
64	95
84	352
747	351
1112	761
913	122
28	281
241	10
607	3
89	3
539	1136
744	451
1059	183
27	90
1003	741
325	8
798	168
660	775
544	6
1136	114
22	82
495	772
292	235
927	1074
689	805
64	250
58	61
93	262
266	122
675	128
1103	485
643	310
992	1149
913	1172
501	771
20	151
992	1035
1010	118
159	41
120	352
47	49
437	9
193	47
1191	529
783	768
248	2
160	353
515	425
32	195
798	183
20	140
992	183
1141	88
171	43
207	6
785	126
227	25
660	118
60	75
526	11
79	8
224	750
578	128
106	150
746	400
332	70
784	762
325	99
111	40
752	486
207	36
807	834
794	303
318	144
201	3
17	21
953	777
3	12
876	857
110	30
479	19
987	77
798	740
459	165
406	109
26	112
547	515
335	6
653	747
495	177
193	30
762	117
811	630
129	50
605	755
70	136
19	34
864	425
1042	339
194	75
864	536
324	394
1182	794
653	224
896	198
459	13
485	594
150	112
338	177
325	74
1064	125
23	154
1110	118
594	302
352	551
709	505
1064	117
323	219
1147	183
982	984
97	124
41	3
1185	584
1218	117
258	260
740	348
642	11
140	242
1180	183
982	938
128	59
428	163
237	357
89	11
97	168
164	166
509	5
300	238
235	90
23	241
436	485
915	5
666	5
155	370
488	266
515	340
155	51
270	1145
266	75
338	121
248	23
8	5
178	770
574	35
37	222
267	149
98	90
1111	218
105	207
101	19
241	26
99	107
762	631
310	118
117	992
133	36
1216	224
1072	462
122	593
434	11
3	165
751	97
1136	5
182	690
178	534
445	178
763	987
9	485
65	286
123	517
936	772
827	425
215	55
1107	177
224	777
173	90
159	131
884	594
545	403
488	148
55	117
248	414
905	302
86	224
921	774
64	294
413	91
956	755
332	5
1175	224
233	45
1107	55
398	522
68	294
342	6
1134	765
153	348
809	403
118	310
107	151
738	124
64	492
23	44
919	198
1035	11
1017	593
432	46
61	12
831	652
40	12
848	182
879	762
660	1056
786	605
487	168
12	2
29	472
844	118
374	14
741	777
237	167
5	258
68	182
50	242
632	113
368	189
894	178
102	94
206	143
125	178
908	97
11	136
982	118
609	610
884	222
457	183
1048	123
867	55
23	385
689	246
625	166
790	302
536	186
434	3
895	436
235	32
975	189
37	534
504	3
436	739
551	516
766	338
484	6
117	956
537	220
81	22
784	15
678	949
26	94
127	551
160	651
1105	445
324	6
225	226
287	13
584	177
303	681
936	770
635	5
1086	677
233	141
14	46
787	587
812	879
160	906
673	48
746	758
784	538
776	177
830	1084
740	115
141	99
365	366
896	303
640	260
302	967
337	102
117	462
64	27
601	49
893	594
32	130
89	27
1110	5
1061	77
785	551
702	165
982	660
547	163
101	5
101	104
93	8
405	172
738	791
828	857
828	738
352	124
738	833
108	205
933	403
438	14
1074	113
924	667
738	303
1110	762
58	63
581	115
102	5
172	13
1218	26
893	539
267	111
798	445
578	331
111	95
459	37
150	152
105	607
459	48
370	802
407	405
513	246
848	688
841	303
302	198
1150	121
146	8
288	265
490	99
499	88
1218	12
200	153
96	83
82	3
393	171
157	94
892	741
63	26
379	678
346	11
1052	118
118	50
738	655
287	110
564	37
106	111
766	539
209	32
178	370
779	582
1035	1050
367	2
786	16
1115	224
286	53
222	392
99	6
19	184
1218	11
18	146
125	220
883	759
486	119
890	812
689	303
27	144
445	938
13	20
791	368
712	224
59	49
1163	118
764	835
106	96
241	8
1207	886
870	681
762	773
578	101
98	158
238	24
490	13
445	746
283	15
23	278
800	403
1076	183
927	127
66	171
31	534
153	173
763	841
860	177
701	186
578	107
468	183
913	116
924	183
445	583
1185	302
1071	113
284	11
545	94
244	13
82	42
414	201
678	501
712	352
106	12
660	886
178	763
546	120
193	90
823	127
828	445
48	106
930	678
445	791
158	81
978	445
44	94
786	446
179	108
138	8
182	153
1099	329
515	116
535	224
370	777
378	14
258	53
741	121
32	94
829	451
1072	218
605	1085
287	103
338	303
1035	117
1201	534
76	165
325	150
22	212
675	9
188	14
459	112
32	49
915	97
1215	340
942	113
238	171
539	775
549	557
445	638
852	515
894	582
815	117
913	218
84	350
282	36
109	24
106	80
79	286
1006	892
14	286
784	436
420	32
231	163
688	712
636	260
6	80
260	112
535	352
244	51
20	145
1168	186
228	136
738	807
64	83
907	486
295	75
736	119
1223	835
8	240
68	37
437	38
786	222
202	9
310	6
770	519
970	118
150	221
536	113
594	768
931	770
1054	15
557	535
151	81
8	103
133	99
138	27
678	844
1024	15
1134	224
244	14
250	294
1164	148
812	487
1088	351
871	529
302	908
125	303
151	244
1121	446
37	120
333	334
158	6
277	284
64	130
639	165
168	97
722	212
466	5
57	3
84	353
260	109
928	593
339	802
677	68
142	212
497	97
1051	127
653	271
115	12
739	629
926	118
409	11
923	15
108	152
1184	663
292	241
856	445
449	113
927	487
624	158
538	772
939	667
168	120
982	121
292	3
67	194
201	145
168	593
63	177
929	177
193	33
20	150
993	177
586	124
994	302
844	795
551	177
68	238
22	13
942	771
235	294
459	19
495	121
783	772
897	116
159	151
91	3
399	384
678	772
605	892
3	152
321	5
909	118
1215	965
787	400
244	40
689	535
445	630
59	55
240	69
116	485
929	839
1092	127
1068	823
962	117
61	6
282	96
141	91
431	1
762	841
474	403
913	773
1168	183
285	40
399	43
857	876
14	33
105	152
125	394
689	630
32	75
927	539
135	20
267	235
1115	127
479	8
1106	808
108	5
684	349
678	515
1001	582
942	15
894	812
12	3
82	91
501	372
142	4
890	351
1168	127
153	169
1214	183
258	94
868	132
829	310
277	101
128	131
578	14
252	66
508	94
747	770
938	351
747	121
361	358
17	18
1191	222
71	23
22	72
762	445
282	108
128	69
941	198
742	1084
26	35
545	222
240	107
370	797
675	558
194	76
117	930
803	736
928	582
593	339
1018	302
909	391
985	394
14	79
292	186
740	122
322	5
123	303
241	262
32	320
66	5
269	193
96	49
715	76
71	133
487	303
282	158
501	518
1140	762
1058	451
258	80
172	24
892	775
1141	118
4	11
578	290
933	519
159	11
1098	163
598	12
766	83
515	775
70	10
63	64
60	136
537	1085
373	436
860	751
173	24
1087	186
64	227
978	761
182	79
908	310
13	3
784	148
1056	115
660	950
128	107
536	303
393	235
1103	765
86	348
22	154
282	72
94	74
51	108
337	322
859	816
159	200
141	6
537	539
516	368
536	630
1192	219
105	47
624	11
424	132
791	403
125	451
325	265
105	242
659	52
121	758
464	749
55	15
869	867
155	630
1174	155
812	177
337	91
728	94
17	11
90	37
44	108
1093	183
239	163
184	53
117	168
655	348
1119	115
183	80
1157	121
296	166
513	15
736	534
595	136
716	32
809	303
109	72
535	594
596	89
689	353
920	678
105	406
215	13
1136	118
107	182
27	211
37	351
182	36
304	12
193	99
157	159
98	6
1115	632
1094	352
79	99
40	212
700	189
222	350
193	109
325	244
97	43
651	908
801	303
757	594
593	782
1134	372
534	5
146	5
8	258
459	55
200	5
551	772
786	793
863	768
872	753
766	224
1052	121
532	12
909	100
787	51
350	125
861	120
1004	189
233	5
968	302
22	134
299	5
924	121
169	177
215	644
151	71
745	778
684	117
238	71
111	12
337	219
406	94
650	562
684	125
44	112
740	15
664	344
68	6
151	13
165	118
133	243
97	349
151	20
295	94
675	578
64	173
99	11
359	53
110	47
41	79
993	857
19	165
302	816
292	193
487	738
1174	224
160	462
1006	539
108	9
584	15
61	238
42	40
94	126
238	12
436	76
632	15
578	143
64	366
151	209
3	211
760	181
859	16
1010	758
857	864
302	1040
179	64
82	211
829	501
107	12
978	121
269	55
37	6
96	48
742	224
160	631
57	30
670	551
32	12
992	302
60	112
353	97
1147	118
808	445
894	155
501	94
70	332
913	117
605	116
302	866
515	368
48	186
59	33
209	45
913	55
75	3
786	350
535	118
99	110
490	12
829	753
660	218
41	38
173	5
633	93
501	224
178	123
1107	127
1098	183
777	425
909	551
325	79
252	48
295	77
96	18
3	172
675	58
501	113
1048	124
193	23
275	51
326	27
238	65
1080	177
395	343
123	1121
151	111
429	445
155	149
44	30
338	772
982	824
1213	535
59	107
158	153
787	11
108	94
736	370
23	383
46	76
1034	77
141	20
1064	763
903	15
926	168
738	762
145	128
193	13
927	486
260	83
1003	898
688	220
353	768
648	2
454	457
405	407
548	11
14	27
302	809
638	652
117	177
1217	302
1010	681
846	539
22	108
829	943
84	222
1132	699
623	105
250	163
160	537
978	516
66	30
31	370
303	86
486	224
101	8
517	514
688	805
654	108
892	1018
551	1010
741	753
40	38
926	368
477	60
352	310
728	107
931	403
86	782
393	80
22	278
787	166
479	35
22	112
115	763
44	47
786	1072
271	163
1024	712
1101	445
242	66
182	103
869	177
267	107
105	238
903	55
420	131
111	183
782	113
675	10
1103	97
579	167
721	186
334	69
8	83
106	44
178	462
565	307
15	771
28	4
32	47
270	933
310	113
112	110
37	118
352	178
142	5
277	14
826	808
159	10
50	234
28	53
232	233
929	743
651	941
445	886
740	126
385	43
535	774
94	42
68	43
361	76
134	150
783	339
432	266
521	83
539	630
763	348
802	123
867	485
71	58
123	160
325	90
775	127
352	198
526	143
392	534
32	109
71	5
263	94
605	126
582	302
547	94
1039	1015
12	111
277	75
1132	758
425	222
108	12
127	462
32	143
1054	760
874	938
898	762
576	49
829	991
238	109
790	669
605	117
27	104
229	222
745	117
102	109
339	748
107	110
579	265
207	40
229	118
82	8
631	777
1141	186
106	241
302	580
868	857
932	678
982	898
791	122
413	294
238	40
339	712
786	436
122	183
419	53
1169	183
1123	1125
648	649
1216	118
292	13
1095	755
1103	394
96	104
759	224
38	32
1039	5
785	15
250	209
108	22
141	11
167	13
756	781
399	403
668	233
770	777
145	99
18	154
544	11
917	117
292	175
864	535
611	895
50	99
829	1068
519	80
956	584
105	200
182	359
787	352
420	22
580	462
27	75
678	945
729	233
1210	739
71	159
50	66
1164	113
1141	12
890	55
302	829
1038	710
1207	348
826	1205
486	303
802	55
485	689
623	42
302	484
166	2
1044	539
927	584
245	14
1158	1159
460	5
486	462
22	96
309	179
267	2
929	445
681	932
141	203
474	55
207	235
678	691
1156	74
68	99
105	616
992	485
917	535
491	5
459	166
1150	992
34	3
1028	763
75	249
982	881
800	584
484	113
535	551
992	584
777	76
747	445
533	5
50	137
970	15
302	121
270	348
117	539
120	150
929	114
420	97
1141	123
29	470
127	539
270	581
511	512
487	117
1168	177
1119	178
57	5
118	516
1140	1094
513	519
459	12
200	193
949	630
841	485
785	535
548	75
569	76
801	539
578	147
850	118
81	42
309	3
794	774
1119	198
513	123
731	130
219	90
270	797
736	519
461	91
286	8
1172	755
785	183
741	773
265	165
302	605
965	163
160	91
122	536
70	58
1002	338
120	122
282	40
778	486
516	750
28	167
159	152
68	158
102	13
3	51
1109	33
118	55
1168	86
64	104
201	72
895	678
1148	86
1177	97
244	23
1068	535
220	348
287	22
22	8
607	99
1164	5
892	368
393	154
858	866
415	94
929	127
1144	451
626	113
867	224
34	49
31	303
79	40
235	258
182	12
1004	551
238	131
70	11
23	107
238	108
835	445
1198	113
696	33
722	183
302	1000
202	88
1215	446
829	790
180	114
111	93
302	536
750	516
1218	114
260	12
22	36
459	90
362	5
296	51
275	49
424	193
1106	630
756	736
1147	11
172	212
1107	584
1139	198
105	81
32	51
497	11
740	159
892	948
517	594
17	34
631	350
64	66
742	183
424	265
740	148
178	529
799	487
1164	11
1218	348
289	8
445	539
1141	111
660	100
23	74
267	150
84	451
420	310
178	436
779	909
764	371
961	117
27	46
930	539
14	42
770	551
302	948
689	847
861	90
159	153
95	108
27	182
79	24
1110	400
1218	101
159	157
623	22
1173	123
379	368
632	198
155	907
247	13
1104	55
72	10
410	91
682	902
675	7
120	37
182	689
791	125
1003	1061
763	15
158	24
410	222
924	177
147	2
31	32
177	776
1064	217
1140	712
229	353
331	80
1087	86
432	99
125	119
485	177
689	101
1044	629
153	27
96	153
802	329
125	183
71	112
829	117
133	10
32	14
215	207
243	26
224	5
424	72
352	116
580	403
98	284
346	83
82	22
829	630
79	140
1123	582
826	934
274	189
123	178
1	9
48	13
290	9
44	11
929	712
164	43
83	266
38	96
32	152
473	234
172	68
742	119
5	50
1034	119
519	15
412	106
956	302
1141	103
86	303
99	14
786	515
37	588
878	77
412	265
317	59
392	1138
892	86
338	846
584	118
32	11
1141	594
608	12
921	189
539	535
438	163
26	6
1007	892
248	234
71	561
112	91
180	11
666	90
396	8
660	741
35	6
131	8
135	136
1026	118
171	99
105	439
651	445
29	97
483	539
243	22
447	99
535	529
279	11
242	38
913	515
515	125
294	26
432	110
144	3
738	593
658	329
102	241
509	19
32	134
226	302
578	558
68	411
117	1103
66	76
646	215
32	266
370	15
157	83
13	27
61	10
528	529
942	224
1056	403
325	102
863	425
610	8
302	1010
1139	755
1006	780
1199	958
118	303
41	40
965	582
1010	794
638	15
5	103
521	40
462	222
929	425
131	336
105	61
830	445
70	27
61	71
98	27
721	136
266	112
916	710
171	210
969	77
844	638
107	102
289	158
960	462
856	486
513	114
105	412
403	539
302	887
432	19
235	240
309	97
818	638
269	105
412	131
579	159
466	186
484	762
747	353
1125	1123
1007	177
766	3
740	839
215	233
370	222
784	373
800	177
40	23
917	394
64	242
64	243
741	117
265	235
111	13
187	2
487	933
738	588
289	50
97	84
326	12
660	651
97	11
786	866
141	284
412	69
215	545
801	811
802	838
1031	302
591	26
118	349
432	441
159	3
258	14
593	15
767	122
373	762
965	1055
166	94
749	928
737	787
270	349
101	211
365	217
479	27
194	5
746	86
605	534
13	26
678	538
600	441
182	11
941	733
60	436
852	177
874	823
483	741
913	1196
486	638
79	106
68	121
248	51
324	290
159	129
324	103
243	23
584	114
596	235
689	103
746	349
148	782
728	213
1142	451
219	126
370	756
237	41
97	3
83	12
621	77
147	201
250	383
95	126
258	76
574	5
265	13
28	40
23	112
454	133
27	146
578	672
539	765
535	824
127	94
572	6
763	740
827	117
137	57
35	110
801	952
39	43
29	83
155	1174
461	110
692	451
501	51
32	112
540	86
425	777
339	770
762	999
399	6
29	63
76	28
33	24
913	772
852	678
144	68
681	229
830	224
40	238
8	93
1150	117
23	38
982	833
242	130
574	51
445	831
938	782
310	368
684	14
857	220
267	240
248	22
767	15
302	818
1164	587
52	53
490	243
605	222
479	104
930	681
892	1004
260	235
486	117
779	551
178	753
1215	349
27	49
740	123
802	121
107	109
1117	115
149	108
809	11
392	113
839	846
79	265
486	125
777	117
284	212
425	117
1191	118
90	5
957	445
81	222
594	15
660	15
52	55
109	113
740	222
193	102
927	310
32	205
1139	394
82	6
159	103
984	55
12	118
748	329
605	121
50	207
621	30
296	205
410	113
830	183
260	11
302	935
539	784
302	1021
160	464
445	220
100	391
151	94
861	519
107	47
831	445
794	933
155	539
352	126
896	118
1090	353
151	49
494	33
14	3
677	930
867	928
206	170
153	12
339	97
863	594
302	1001
1174	83
320	205
1143	77
295	5
286	5
111	222
956	224
165	3
244	149
762	846
367	739
135	234
117	584
730	307
952	302
282	5
413	6
487	108
786	1069
652	310
698	10
689	851
265	266
260	5
338	76
29	3
1038	768
157	5
675	197
686	381
194	8
1033	1039
1169	446
202	8
539	594
115	118
220	168
27	13
292	24
927	689
66	108
691	302
791	121
425	122
44	4
596	11
638	329
801	584
118	117
624	15
142	166
802	178
1215	699
939	15
759	403
172	25
150	99
655	958
13	108
1007	302
829	756
254	122
1099	758
660	302
350	425
1028	794
151	45
145	24
302	954
82	310
1079	114
551	1060
787	28
215	22
337	26
605	743
105	266
913	846
625	541
93	26
334	102
302	906
226	55
887	699
159	106
776	198
596	69
55	121
96	41
1132	121
1110	177
941	445
594	778
159	166
334	172
105	205
1175	841
211	170
663	445
38	14
896	115
1150	755
778	515
159	64
1169	186
594	516
962	630
350	119
883	811
102	9
826	462
159	209
111	69
897	516
296	3
267	193
268	202
38	212
689	839
241	170
127	501
32	276
411	265
200	411
132	177
157	11
275	344
255	256
29	473
626	36
580	982
326	241
772	115
23	10
519	516
684	464
59	172
520	83
238	72
474	118
235	26
521	5
178	611
22	26
1026	186
154	38
108	284
681	791
219	198
112	151
535	632
107	5
539	113
309	241
1003	751
936	51
832	825
20	203
605	762
68	132
662	5
712	168
867	772
294	192
501	593
107	146
1141	177
406	207
390	310
127	678
787	484
747	168
32	284
48	113
369	372
86	222
412	168
496	497
412	11
32	262
412	127
574	79
64	187
247	3
293	260
540	302
324	89
811	168
96	112
101	110
1186	183
215	68
533	88
784	678
663	928
258	51
302	836
513	120
1191	584
33	94
936	15
413	40
238	249
884	178
641	94
172	150
302	785
454	75
736	76
660	755
270	768
1010	770
1103	782
22	322
38	5
105	625
66	441
153	212
127	303
118	710
684	6
385	3
105	287
982	516
108	91
81	152
302	944
794	749
258	259
445	947
406	48
653	793
504	2
173	150
529	774
309	167
786	373
602	57
939	584
569	3
689	739
814	681
856	177
786	338
515	353
827	772
736	629
70	35
877	445
808	733
32	91
117	629
115	736
962	485
678	462
71	266
167	14
111	368
260	82
651	932
1146	55
325	6
478	2
802	51
79	98
694	94
814	168
1139	177
258	12
424	43
811	537
534	168
794	118
802	353
415	5
109	110
660	1054
66	209
754	436
871	302
292	154
748	582
515	119
40	153
17	27
302	734
126	593
459	345
660	348
165	121
344	94
578	286
992	353
384	186
539	1026
105	65
246	379
1063	77
936	302
23	13
927	786
95	69
675	36
839	116
114	95
90	222
202	5
970	368
445	845
79	32
353	219
342	143
1051	1052
1207	922
8	108
8	27
1033	667
1186	529
160	125
290	6
292	49
1151	581
27	193
99	79
151	243
399	194
791	805
133	13
94	114
23	108
344	632
703	186
182	112
624	8
365	367
763	857
762	126
748	77
790	667
985	55
869	733
64	112
23	193
547	222
631	809
892	127
65	243
59	241
32	9
579	381
261	3
669	302
44	32
68	44
267	182
153	99
547	371
748	302
738	824
101	27
579	18
485	462
992	350
362	3
145	23
247	10
516	982
553	19
106	197
33	130
479	47
652	536
999	117
890	782
784	55
579	72
1107	485
867	791
269	183
285	153
1087	593
245	312
71	579
43	39
94	82
17	41
399	38
1216	339
413	90
982	539
61	258
222	961
927	403
954	425
922	733
105	167
125	551
883	1046
302	822
101	12
513	76
874	892
137	107
261	51
929	124
373	655
294	23
490	14
90	168
864	183
44	51
97	222
159	59
50	22
270	77
874	1197
786	782
548	4
26	13
601	6
459	41
1141	667
270	350
495	403
377	30
17	12
70	38
1048	581
23	234
681	874
887	222
59	38
1215	168
1125	582
938	539
693	143
1044	747
172	72
747	117
553	5
737	784
413	12
145	193
265	53
128	40
142	47
410	198
72	27
255	55
127	963
17	43
800	446
258	126
83	74
182	106
802	302
675	408
159	265
133	98
871	857
33	27
105	623
699	303
1217	77
90	68
929	933
81	89
874	689
519	116
67	53
76	42
1079	113
1139	93
282	103
1062	763
112	13
99	277
810	177
858	302
248	14
1191	899
934	763
927	594
1084	594
516	97
1103	805
871	987
128	130
643	219
131	113
370	584
931	178
852	403
270	655
229	651
201	415
593	177
1034	795
895	303
515	710
231	3
934	183
125	50
79	91
473	19
581	118
766	5
535	1068
66	79
266	94
515	182
127	403
790	368
107	240
745	538
766	712
991	584
896	805
425	125
769	302
112	106
461	3
715	140
180	125
1170	353
339	77
90	6
1173	485
579	200
1140	55
97	310
260	91
173	104
928	394
44	27
1087	121
309	5
740	763
105	545
151	207
688	114
199	39
1144	462
147	101
791	535
538	189
787	654
1117	220
244	43
13	71
101	102
151	76
188	113
107	212
32	27
869	667
910	125
678	939
105	38
32	105
207	5
1097	198
266	136
692	829
415	91
102	76
151	63
33	200
778	222
153	83
182	80
94	37
66	71
768	177
78	84
302	820
778	126
123	220
151	27
791	784
407	136
14	53
221	933
1050	879
844	538
536	778
105	613
187	107
1006	655
691	462
324	13
120	97
267	34
182	211
182	101
909	760
384	50
884	177
123	116
1050	339
668	57
536	594
661	170
50	42
4	3
391	222
457	577
106	72
502	3
339	436
484	593
391	118
104	5
809	121
107	6
267	133
909	611
241	197
678	801
346	35
127	745
775	129
1039	772
8	14
985	302
786	224
1079	391
1020	117
802	310
241	284
310	15
173	89
335	13
40	184
64	33
892	122
126	425
209	86
501	115
247	212
178	896
632	534
151	143
151	217
107	23
98	91
582	1109
169	75
187	53
779	651
1138	1053
310	43
742	518
320	112
71	217
411	11
890	551
539	582
109	3
778	118
154	265
60	292
1024	736
71	46
101	13
99	94
1056	302
675	562
1024	126
8	49
1185	5
237	79
270	425
107	26
60	366
460	68
445	870
334	171
173	101
186	11
551	352
1151	403
110	27
64	94
145	242
782	122
744	100
935	751
516	784
1052	15
37	220
267	32
326	325
64	581
1199	798
745	483
127	446
194	195
740	712
1006	866
987	826
128	6
624	81
200	189
282	38
95	117
884	394
985	221
857	867
32	136
145	204
1090	593
874	77
786	348
896	770
811	762
135	413
579	96
95	115
985	15
179	9
155	762
133	24
153	44
27	5
14	32
238	50
942	593
821	655
678	895
1079	183
993	113
3	173
66	172
159	149
1020	445
298	5
11	197
892	303
579	34
801	183
339	495
1192	183
414	505
536	118
1146	765
187	3
13	153
751	768
406	336
310	350
802	809
459	6
632	183
698	6
109	99
13	167
1090	1055
519	899
101	42
23	12
766	769
168	220
194	198
180	126
66	136
215	458
66	64
68	217
539	403
247	53
1076	167
48	98
929	403
1016	302
486	391
182	76
445	348
396	5
964	425
26	99
697	4
752	536
605	303
936	198
370	115
165	117
844	163
18	38
568	11
820	302
535	584
157	112
802	127
244	69
106	187
310	126
83	106
95	99
59	105
579	75
459	411
551	1069
8	131
1020	116
766	516
1174	183
405	408
688	689
413	99
670	351
3	105
326	110
522	75
182	151
32	30
106	93
3	24
624	49
762	352
1138	302
756	798
124	115
13	76
50	91
66	27
958	224
746	464
868	1039
1136	1054
338	115
791	372
1093	774
547	5
103	118
651	539
75	212
539	793
1147	198
379	302
19	13
1193	784
784	611
565	399
79	18
349	183
65	235
142	83
1099	425
71	121
127	118
992	246
578	18
829	495
286	3
689	762
32	131
965	31
985	652
151	242
742	372
84	303
193	60
1018	632
1143	394
164	167
22	173
120	118
605	519
741	155
584	127
159	40
325	47
1002	372
166	11
1218	368
1024	168
1017	189
1106	982
128	46
962	403
798	892
675	243
151	44
123	769
1020	198
172	37
1129	77
1121	55
956	15
146	53
651	849
777	551
681	866
653	667
832	817
157	41
158	53
95	116
133	5
247	48
118	534
722	26
1056	183
999	55
548	3
94	198
150	81
791	844
325	109
99	177
105	234
949	1026
736	740
183	119
778	160
844	464
651	400
3	110
1006	529
371	115
302	1036
266	126
13	49
988	302
487	122
242	33
466	32
666	14
1184	118
741	516
632	97
1064	1057
303	777
179	183
105	134
584	588
215	225
810	593
48	53
852	118
376	4
952	667
135	59
165	153
539	896
122	95
544	94
105	269
751	515
1205	198
638	741
715	222
830	774
37	158
544	49
339	844
681	630
511	94
118	403
149	80
1048	425
235	12
406	90
50	12
235	4
131	83
809	464
406	438
1064	484
888	351
379	774
539	840
332	107
1044	445
927	736
182	83
766	773
129	3
822	582
874	855
265	50
605	94
1115	710
6	5
150	68
97	55
933	115
1038	121
537	741
172	117
848	177
237	33
31	51
76	3
579	187
1141	55
165	312
27	129
1141	159
153	108
638	811
32	22
203	24
203	384
696	4
267	211
267	4
1020	501
159	557
200	108
977	667
141	40
896	178
32	211
852	771
79	266
653	1044
241	131
962	55
11	699
885	485
638	763
739	758
37	22
631	37
987	667
454	126
605	84
1064	765
216	150
70	69
101	182
539	445
848	101
978	774
523	170
51	166
23	40
184	214
59	151
852	784
766	15
292	90
445	834
172	146
791	117
159	165
215	34
844	630
23	2
638	881
159	170
267	104
354	76
238	34
1111	535
105	149
791	339
224	117
738	814
72	190
79	11
215	283
95	64
84	94
71	36
3	169
992	11
407	11
23	244
105	252
285	618
23	91
605	425
909	122
454	34
892	115
1180	15
195	11
699	584
324	50
31	539
738	830
1004	177
737	655
335	95
240	108
829	747
931	127
501	678
94	353
777	771
856	859
888	881
811	518
102	40
551	127
41	2
118	745
535	462
991	539
677	1086
94	12
22	234
678	127
678	160
1026	183
325	13
146	33
557	6
445	748
583	855
13	173
131	338
1072	485
742	594
16	403
627	10
106	151
46	5
3	106
231	49
149	13
772	348
96	69
118	76
114	303
982	1111
420	3
179	159
632	126
936	812
1064	114
830	1009
247	2
302	1011
821	738
632	76
380	5
128	12
1030	183
35	99
858	1048
148	43
180	51
638	898
137	75
149	51
810	667
144	130
874	669
123	462
927	587
17	42
93	244
133	182
33	51
94	22
64	12
95	101
1024	551
142	75
109	121
1215	772
122	120
1134	495
651	787
515	117
265	108
1205	941
52	54
118	771
302	429
248	93
534	181
526	6
118	351
1202	304
1119	829
137	53
79	101
982	822
403	177
884	303
740	425
497	113
869	736
117	805
97	77
1215	352
907	593
829	348
26	91
454	458
585	43
171	42
965	368
123	15
293	192
1049	830
874	660
1215	1096
13	82
749	535
33	3
1048	224
353	392
118	97
137	103
99	336
95	121
457	462
37	12
27	41
779	758
164	3
867	183
575	34
596	6
678	866
65	171
402	706
238	464
83	94
864	351
1035	118
725	58
267	42
61	59
625	70
22	101
161	162
20	207
495	11
829	892
580	593
871	118
939	55
1072	950
593	55
79	89
240	249
33	8
593	462
681	457
483	371
106	6
913	178
887	950
160	1165
863	118
159	114
50	106
425	224
739	483
281	26
32	234
814	738
517	123
111	9
67	89
474	584
970	529
884	446
501	893
1002	485
283	94
810	539
59	32
1191	368
384	5
806	806
335	35
738	688
491	49
422	136
172	3
17	38
962	329
681	501
1170	189
228	277
1136	768
64	296
203	3
23	233
933	539
594	486
370	5
93	3
686	10
270	487
821	712
178	3
182	691
379	462
1151	118
391	123
22	151
1144	177
160	775
180	94
352	769
1086	425
1111	763
66	165
106	89
484	611
379	163
766	584
740	155
787	350
160	655
651	917
892	338
44	50
145	207
12	108
108	23
38	40
222	514
811	638
151	102
324	99
917	221
660	515
317	240
1101	124
118	178
171	151
517	86
104	150
1018	303
56	57
258	262
289	3
864	55
241	3
956	768
807	738
128	143
38	109
296	173
740	368
869	681
533	356
153	158
1103	652
112	93
79	167
193	69
787	123
823	910
982	518
123	84
153	171
408	177
857	302
783	224
260	35
803	119
392	155
684	474
133	43
254	3
712	77
71	33
370	369
198	121
791	1072
510	3
170	113
64	269
915	861
681	993
260	136
985	177
280	26
504	8
210	55
270	938
892	16
64	137
484	127
133	212
64	96
741	551
473	18
59	240
713	5
32	186
595	47
68	248
986	594
112	23
580	778
539	943
534	46
71	41
402	705
108	90
248	41
314	113
193	680
892	118
177	958
241	11
802	446
1215	310
28	107
801	115
171	5
702	108
151	186
800	486
522	11
142	634
267	22
214	222
473	45
109	167
849	118
71	42
97	120
539	802
248	53
605	24
1150	515
757	178
1185	94
114	117
461	158
401	402
766	310
182	110
896	516
1094	15
578	184
749	760
78	51
752	372
982	993
691	221
485	118
747	551
1176	806
766	183
884	584
593	394
244	34
339	230
746	125
569	136
182	94
1121	125
1028	183
22	38
660	652
118	899
13	154
557	159
756	829
301	302
172	10
736	594
339	741
798	764
652	400
240	93
63	97
929	519
1079	125
746	741
302	1019
393	5
544	51
379	118
222	76
844	846
586	3
42	159
593	758
28	5
404	5
1033	218
23	82
816	77
57	154
216	68
772	86
165	108
1181	351
51	11
274	131
904	368
586	9
157	172
777	348
388	11
756	302
302	999
624	76
1139	899
638	118
149	42
150	5
127	114
299	45
131	53
747	224
457	6
13	110
874	681
445	1006
632	323
122	113
310	198
242	23
14	284
334	3
209	27
324	23
479	103
105	158
283	57
157	27
1138	752
580	127
749	539
844	148
762	667
120	100
879	667
302	936
352	303
168	372
238	5
820	868
1224	587
129	6
18	158
857	873
869	118
539	629
29	50
172	80
660	283
173	82
267	44
516	125
152	265
738	822
76	35
403	118
98	353
663	55
684	539
1168	582
79	170
864	339
339	79
445	118
339	582
111	84
17	9
572	121
777	120
1035	755
66	48
763	736
741	638
1118	587
413	103
23	83
260	94
412	108
594	118
927	538
94	13
660	736
302	1035
339	763
766	90
445	856
289	93
694	210
1139	551
137	49
200	96
799	784
802	593
1070	587
140	49
8	69
579	41
390	123
1035	177
145	94
678	794
285	577
29	49
804	758
27	151
289	24
14	91
99	42
2	13
29	94
180	593
32	167
534	403
78	80
404	186
211	51
105	612
509	165
240	22
568	5
75	6
792	127
238	33
142	94
412	359
929	689
393	266
267	241
557	184
10	403
958	302
766	97
1020	425
801	168
93	75
200	64
515	689
961	15
32	39
122	770
337	163
787	752
137	50
3	2
764	445
992	118
892	148
91	51
20	143
1154	15
22	10
302	780
412	24
29	80
1170	55
869	115
84	446
576	5
978	127
398	90
519	121
209	112
118	86
625	94
267	154
118	24
675	11
101	47
936	539
224	958
516	540
96	345
949	118
445	1106
991	689
1018	168
490	96
492	20
324	136
309	245
787	83
282	3
127	483
1081	183
1064	516
118	593
933	436
775	667
738	817
15	594
44	89
420	192
45	17
299	238
867	871
784	629
786	992
425	198
235	13
660	1055
233	133
1024	965
1136	760
802	9
309	108
344	76
123	125
90	172
538	846
171	433
861	266
29	27
459	10
302	752
76	113
250	27
1042	993
324	172
459	184
59	8
27	11
580	178
6	136
638	121
59	192
76	5
1170	400
445	1105
158	83
957	699
159	579
778	892
16	539
118	352
23	48
403	611
22	81
292	172
791	338
408	5
681	807
455	2
866	445
203	104
445	941
632	352
992	403
1178	1179
353	91
461	112
934	177
1073	69
348	125
45	70
50	11
339	805
1216	462
1218	462
135	65
302	630
800	127
1086	514
218	982
738	769
81	106
292	99
757	739
171	169
403	5
238	45
877	771
171	400
844	689
692	183
687	94
1143	587
1138	124
750	224
107	93
1144	594
5	46
829	762
127	1209
1215	121
688	486
95	42
1146	807
454	455
247	158
108	80
292	103
60	27
1207	1209
22	49
1093	121
787	183
512	555
96	42
112	99
827	678
1173	127
37	102
374	83
13	241
766	775
675	466
151	110
57	131
106	81
578	595
1098	582
213	8
539	897
754	177
445	754
105	424
965	55
777	519
126	310
160	368
480	481
123	118
302	996
32	383
683	192
867	870
248	42
733	302
182	124
578	33
405	34
486	352
659	11
490	90
660	631
412	485
778	739
1153	88
153	209
151	50
893	125
778	514
325	327
765	782
927	446
786	897
171	192
13	243
1156	96
84	125
730	97
303	310
159	32
125	629
237	243
892	593
13	69
867	121
1020	123
171	65
144	143
353	391
535	1044
1007	160
235	203
280	281
50	112
172	103
66	69
956	771
852	224
751	474
675	80
247	59
96	23
270	770
869	583
100	348
718	76
982	855
26	9
480	32
178	177
144	165
12	46
118	312
767	113
26	244
19	109
105	96
665	144
772	582
582	224
1210	777
605	769
539	339
1106	1006
64	286
778	97
118	121
593	178
222	352
86	772
265	167
1099	464
1141	584
554	38
497	69
605	302
369	371
260	74
1154	121
992	122
155	160
1218	518
96	98
1003	689
128	3
942	329
1211	733
1147	121
289	12
982	114
237	247
1039	587
386	6
8	195
160	896
1092	5
61	45
267	19
118	230
638	611
896	177
84	126
66	264
337	13
892	516
40	50
675	450
94	79
513	119
211	15
237	11
1072	483
145	79
504	11
160	436
1101	367
114	224
925	189
150	219
310	94
379	778
215	169
1050	873
845	84
399	5
60	127
584	115
500	103
515	352
302	226
805	118
962	312
151	140
730	5
32	154
138	23
90	108
370	97
915	312
965	118
802	84
798	712
846	897
762	189
141	35
127	887
105	3
948	943
155	795
412	83
829	15
815	183
8	75
942	183
274	278
777	121
461	94
370	155
141	47
64	81
991	97
805	451
324	90
75	83
605	249
212	230
790	630
96	3
146	94
800	126
157	99
215	3
978	117
1086	177
233	108
200	24
1034	353
46	43
1002	425
23	169
170	11
258	27
790	741
250	3
851	183
23	161
436	283
159	95
551	540
539	773
1064	100
983	302
1119	462
791	808
651	229
310	222
243	81
172	48
933	927
102	296
420	307
3	154
302	1029
1103	445
50	193
109	22
292	6
942	100
302	794
93	105
108	109
49	173
182	23
337	669
1004	55
689	852
791	15
410	53
94	121
861	219
159	250
402	708
96	151
586	43
50	135
975	1128
108	40
936	94
1170	866
522	113
50	47
992	768
235	111
874	865
1146	487
775	350
909	55
60	9
810	394
461	43
105	337
267	242
1004	353
566	163
78	49
50	134
918	593
1052	117
107	217
231	5
84	349
605	846
235	3
179	112
1134	226
302	1014
800	370
993	183
48	103
14	136
848	515
160	712
292	51
16	462
44	26
105	614
699	370
504	32
913	774
957	677
302	799
379	15
965	91
876	177
834	302
476	5
783	113
538	678
940	189
5	89
4	82
599	76
283	371
32	59
63	474
430	5
169	6
584	778
235	152
607	66
563	43
168	403
205	12
314	3
277	182
280	260
858	55
294	108
998	302
235	243
987	757
747	302
22	246
736	751
131	26
802	451
131	11
829	757
206	19
207	32
168	846
105	101
1126	445
157	35
957	883
238	69
1103	15
1064	840
66	47
161	23
1020	119
80	27
1025	77
766	777
19	46
897	846
302	611
478	184
206	53
892	15
334	89
712	763
1164	886
235	46
461	71
193	91
437	186
445	817
70	47
845	121
117	771
1207	189
938	55
488	43
126	123
1094	43
383	183
1115	368
12	35
941	16
829	351
65	61
339	148
104	94
908	312
1127	3
985	846
1035	3
68	232
379	120
495	782
300	59
302	946
913	907
282	291
339	483
605	765
2	3
487	9
128	33
2	10
762	763
1086	117
289	324
63	209
547	124
776	1060
866	76
651	937
519	425
827	765
235	11
822	855
1103	446
443	26
89	90
250	94
159	294
605	518
992	349
48	94
537	55
302	970
247	6
114	123
812	551
941	221
1134	1057
50	68
712	118
159	406
108	150
1050	373
752	678
282	12
37	214
59	198
280	11
107	150
284	166
871	733
302	980
850	15
982	940
392	451
1218	8
317	55
51	284
898	753
105	88
909	121
1178	77
677	501
33	235
859	520
326	40
856	833
111	350
117	379
339	5
79	244
486	712
800	594
41	6
941	938
149	118
775	736
631	684
675	89
445	738
150	222
71	99
310	125
1013	394
137	493
738	168
235	108
1074	55
766	778
1026	736
579	3
243	133
117	113
523	83
501	581
605	51
201	20
1168	125
445	920
929	761
536	812
284	5
626	211
1064	177
97	219
105	91
425	629
10	11
145	533
844	884
741	425
579	106
689	446
26	93
337	22
985	762
841	593
800	76
18	112
818	820
40	474
1101	244
145	5
220	775
927	667
324	107
829	121
485	751
780	781
826	858
807	118
881	218
149	150
62	118
66	482
831	86
310	219
142	35
413	94
745	183
173	113
64	159
146	42
120	516
811	678
235	171
1095	769
115	224
1205	652
193	679
823	302
117	127
881	15
405	3
385	108
38	165
160	501
57	224
875	189
802	611
182	242
344	127
344	168
748	769
936	594
882	302
160	446
746	1058
81	3
1048	451
516	127
160	943
660	349
524	76
818	793
66	650
852	349
785	1122
354	4
242	2
265	109
1170	594
34	186
776	631
520	416
548	6
874	163
461	167
169	109
141	9
248	26
235	27
778	655
1169	224
111	114
1198	53
66	205
584	370
982	733
681	283
300	5
660	874
741	118
484	906
151	48
18	41
411	307
22	48
969	302
416	8
766	127
57	118
1053	183
792	302
660	852
370	400
1140	594
296	98
46	89
126	90
792	733
168	222
856	582
1104	183
519	352
339	515
445	168
886	55
653	451
445	1102
892	198
99	150
670	224
632	584
153	154
445	1108
892	772
738	835
229	474
154	211
23	151
867	582
179	68
338	168
952	118
304	111
827	302
456	458
784	809
653	763
689	114
778	219
1009	86
26	235
1076	214
1020	758
1004	594
2	42
942	219
13	172
640	224
111	5
414	25
766	771
978	485
215	94
632	102
565	104
675	37
689	348
1152	118
106	26
835	183
128	94
365	266
117	219
753	186
26	32
23	110
107	184
485	224
412	165
610	609
12	5
96	140
1170	551
596	133
547	126
1185	11
1093	177
5	47
603	43
459	296
48	24
125	349
169	68
342	11
933	890
396	170
267	152
203	42
212	91
168	515
691	177
484	177
365	11
832	583
127	220
1089	922
128	53
929	339
424	287
802	160
746	736
688	839
169	178
182	515
346	103
1028	712
643	11
879	183
539	883
66	12
778	302
1134	15
84	534
536	15
66	3
533	264
10	27
44	8
64	265
112	27
171	72
539	177
46	211
170	197
1117	118
461	121
1189	186
95	5
141	107
4	83
864	302
1218	15
1141	224
929	53
675	407
165	40
907	302
763	775
850	768
237	108
487	593
787	126
267	101
1079	118
896	515
265	99
424	51
106	9
784	852
258	158
352	632
1121	116
180	118
379	53
40	63
533	204
118	539
424	49
58	71
147	11
59	79
105	211
744	539
746	177
1216	539
424	94
501	183
1048	310
675	416
589	190
378	32
112	96
123	5
712	736
3	103
414	5
177	736
1141	755
637	97
740	738
59	244
863	710
896	125
55	86
44	172
1039	339
841	763
1029	55
652	539
982	270
302	1045
145	6
1075	183
153	68
282	76
238	234
123	121
285	155
23	205
125	84
909	125
660	792
484	121
674	5
50	186
785	425
605	338
28	187
485	763
108	48
775	118
533	31
485	15
833	593
1200	77
745	121
90	392
222	102
677	760
516	118
784	850
583	738
1119	860
95	9
802	222
688	446
235	51
844	712
86	120
741	605
535	84
117	122
125	94
825	302
741	183
203	109
678	1034
266	197
247	80
302	907
244	131
829	1034
746	747
933	763
623	131
899	752
908	372
931	339
660	353
86	126
96	107
241	213
966	15
244	45
892	594
624	211
48	3
93	90
992	771
108	184
79	49
1119	118
26	11
382	9
736	739
1099	9
547	582
987	630
339	15
777	899
198	177
32	69
562	2
548	336
786	670
1190	351
67	5
461	103
158	266
137	491
787	148
105	79
219	121
59	211
660	485
13	150
345	113
423	114
750	777
105	69
325	40
338	436
314	11
235	265
747	127
1139	761
484	348
709	35
79	171
420	167
392	222
860	115
39	183
1087	539
605	654
8	187
129	192
910	758
158	3
828	229
1174	368
461	53
106	95
763	741
1024	177
826	830
486	425
166	5
516	1126
240	27
241	112
636	532
178	368
578	98
187	308
1060	777
406	103
935	183
1028	348
802	519
605	774
379	594
302	669
747	155
579	32
812	681
504	9
508	264
962	118
1191	630
594	539
830	593
898	896
559	5
29	45
698	43
1079	348
416	22
491	35
385	38
339	122
681	1120
794	593
157	4
84	115
127	1165
266	44
248	72
83	284
762	55
1048	126
248	136
66	40
573	186
540	127
276	47
688	352
120	222
1179	781
107	33
949	667
331	173
578	617
1106	445
888	302
222	310
794	733
523	30
486	485
884	230
1089	302
244	74
220	127
745	582
738	823
736	485
579	81
8	262
623	90
334	389
924	733
320	136
211	6
422	266
114	11
653	769
783	118
651	117
18	68
651	834
574	3
483	762
123	95
102	244
237	27
677	403
746	445
66	173
786	829
267	103
991	593
236	297
800	118
63	45
224	15
802	798
32	138
908	122
955	539
60	90
802	12
576	575
1	4
3	4
848	118
90	94
109	102
864	764
832	445
1010	127
214	90
675	70
96	11
826	738
105	20
290	24
105	11
415	90
187	51
201	215
605	40
200	51
209	207
1103	758
675	106
803	370
605	118
120	519
321	94
1139	758
1121	118
23	46
845	118
752	485
153	101
932	425
779	539
145	109
514	224
678	773
352	777
536	177
857	866
479	133
579	211
1215	514
504	186
1138	795
326	76
801	794
267	109
890	177
172	158
402	399
982	50
233	458
168	84
1153	768
786	118
122	97
302	855
269	163
19	38
859	768
135	3
148	86
840	115
23	381
572	43
32	235
754	445
410	5
961	12
653	485
128	141
515	678
60	5
145	47
934	189
459	98
233	225
281	32
1024	436
830	769
118	51
681	871
302	951
887	1003
872	857
775	183
660	1061
151	72
125	370
1119	183
87	43
125	348
732	183
183	372
108	153
1018	739
179	55
751	117
281	258
654	764
689	483
242	207
63	223
352	117
740	219
746	16
8	235
200	105
248	466
398	11
439	440
219	222
342	183
99	292
626	77
939	486
172	83
802	219
1111	220
920	921
580	539
976	15
64	40
337	109
485	538
929	843
393	41
778	893
261	83
539	850
1111	15
1068	126
116	125
752	122
824	738
736	758
1020	778
154	96
193	25
14	172
337	40
1163	86
99	93
920	539
758	462
40	90
736	737
445	1000
808	758
66	68
99	47
9	53
284	91
37	43
151	39
811	302
1034	302
237	94
342	30
99	187
747	222
245	184
593	303
605	391
431	240
867	950
71	20
326	193
583	218
250	171
741	778
171	26
82	111
299	71
5	25
812	534
662	11
32	187
479	51
632	349
678	809
936	177
867	764
171	12
992	755
112	111
521	28
807	678
342	28
1087	15
37	78
254	5
63	501
829	907
740	9
37	153
454	264
193	12
677	762
122	121
736	483
15	177
777	534
820	462
118	9
96	80
270	764
398	5
1172	368
14	12
109	241
173	91
857	871
993	329
579	36
224	116
302	811
29	184
280	246
293	5
624	103
673	5
935	892
586	123
953	302
154	80
778	462
270	778
116	425
71	29
801	741
41	121
401	399
271	186
95	119
323	14
896	535
539	989
1086	584
5	136
741	462
83	98
579	14
763	160
284	90
293	3
501	594
960	127
1034	935
410	118
94	106
281	307
607	49
105	150
2	190
927	483
64	5
285	105
519	44
519	224
126	224
123	114
638	1076
206	235
22	83
111	47
151	159
678	739
38	79
1110	198
929	120
260	22
678	834
98	76
72	112
432	109
41	15
376	5
105	97
579	262
290	94
50	44
445	1038
128	133
398	548
874	55
353	218
833	186
10	117
242	27
403	183
1210	6
46	243
892	177
41	108
274	275
942	116
235	207
801	712
325	143
71	81
95	48
1028	667
896	772
754	764
660	770
59	235
261	5
501	761
106	23
95	107
98	102
458	456
20	49
71	79
144	49
1191	515
646	152
786	770
365	76
173	212
1083	177
442	6
982	150
516	120
517	464
99	103
741	762
681	814
182	294
159	227
8	32
277	93
283	3
913	329
485	770
270	446
459	94
292	130
46	80
420	12
131	94
38	86
539	446
1220	930
784	881
285	19
146	133
57	132
79	71
1110	846
37	151
267	36
956	587
393	99
1212	183
255	5
28	27
379	752
985	350
290	43
137	11
1056	125
501	270
248	68
807	638
1219	183
518	927
534	118
115	777
958	798
624	83
1090	155
890	303
746	765
335	186
365	129
1174	177
992	462
534	2
653	403
18	94
631	6
70	541
625	266
808	118
1174	222
738	825
290	72
346	5
675	48
1218	103
431	11
416	11
715	205
657	4
171	141
777	84
803	113
248	235
334	90
233	3
638	486
60	66
631	425
632	117
904	1111
105	278
874	1003
324	5
1070	593
1207	183
112	14
169	174
766	168
432	6
439	88
13	189
398	197
778	198
171	383
33	6
478	99
962	224
23	50
797	681
112	212
520	40
890	126
141	171
96	12
60	19
625	11
339	912
786	935
844	743
752	302
992	15
258	244
487	841
63	80
168	425
353	84
933	712
829	839
857	418
582	1000
137	3
884	151
72	130
624	13
653	1168
490	24
106	104
678	669
370	220
511	136
892	425
68	49
105	122
547	805
962	755
803	391
660	403
352	462
487	485
177	403
740	329
302	765
282	90
126	736
281	97
102	152
1092	15
1058	462
678	660
625	154
512	3
497	112
326	13
258	40
883	957
44	266
689	538
783	551
1	16
852	539
1199	534
479	75
579	49
844	827
1207	329
788	86
108	151
405	173
13	22
59	13
1038	113
23	49
1056	812
605	584
285	72
18	5
151	336
842	117
678	1050
941	582
942	178
281	81
760	593
746	119
1175	168
829	86
172	6
346	94
25	94
798	958
908	5
786	121
275	107
638	587
59	106
346	310
1006	224
350	91
250	19
927	758
250	278
803	198
325	329
985	445
660	436
828	871
756	368
728	187
845	183
791	155
242	144
134	32
829	811
1038	379
65	45
742	127
650	44
1218	107
895	660
11	79
1052	593
927	760
956	246
1038	302
638	55
350	51
131	278
200	94
975	584
177	186
105	620
48	534
342	3
875	118
128	41
44	111
123	90
766	368
839	462
247	8
82	104
114	534
3	266
790	462
197	136
406	284
1121	224
777	15
37	630
269	143
741	391
787	16
199	257
187	381
480	11
95	100
71	560
678	748
274	183
763	367
696	2
839	855
135	53
32	8
624	149
79	46
1216	183
168	303
175	5
123	745
346	51
675	671
994	77
11	75
239	3
63	224
779	652
1103	403
66	144
1144	118
499	35
1111	198
688	15
748	224
99	13
653	3
651	927
71	129
822	302
20	108
22	90
472	30
949	117
344	118
101	95
66	58
172	23
479	53
285	211
785	125
654	821
412	258
818	77
68	283
1186	302
350	224
172	165
23	325
790	539
892	846
385	650
159	269
73	5
760	487
515	446
2	46
285	70
663	189
1148	368
3	40
653	126
578	416
580	93
1140	462
99	133
195	131
883	764
461	69
178	518
551	535
105	106
66	26
403	189
856	425
539	846
325	14
96	9
486	127
515	126
32	103
694	112
660	1044
730	184
241	75
3	38
717	400
352	350
785	186
102	212
609	8
13	23
579	146
884	403
112	3
51	103
741	781
406	99
96	110
1101	368
663	514
242	105
660	328
873	738
73	74
73	51
59	109
373	485
1109	117
117	779
11	35
37	368
422	94
1026	667
831	738
861	113
687	32
425	118
71	103
106	48
290	288
587	394
109	95
68	676
350	219
58	70
94	44
260	3
244	83
33	79
445	838
829	392
899	77
738	519
515	303
66	13
689	218
835	681
32	561
404	129
1206	118
125	124
325	11
151	90
844	805
111	123
425	126
538	605
29	46
27	74
964	857
738	801
38	234
749	580
365	80
961	122
756	795
302	833
513	312
71	69
258	26
33	91
26	22
26	173
537	400
993	868
106	49
238	59
122	125
1185	43
138	130
99	5
15	368
155	121
69	5
535	126
1033	183
756	348
867	958
122	118
105	315
66	408
678	929
868	984
763	403
611	1133
3	69
101	93
1110	782
1169	77
137	99
445	984
688	163
224	86
371	445
114	119
993	222
927	516
141	45
28	113
516	121
23	239
962	302
242	68
778	769
784	1055
412	5
933	794
17	20
970	302
215	201
160	892
582	178
131	262
714	108
896	348
674	76
982	997
741	168
864	770
352	486
22	69
578	635
811	870
632	160
128	93
99	51
515	474
605	15
151	165
289	4
173	186
117	852
248	292
909	710
868	1121
742	118
483	55
913	584
638	865
171	104
105	49
684	425
274	103
118	122
746	678
40	32
800	97
64	22
1168	118
168	769
98	36
1138	113
379	116
629	55
803	76
35	104
459	71
248	12
808	539
1210	403
771	222
150	42
791	118
677	114
58	72
302	654
194	170
501	198
1050	462
782	125
784	351
1090	1091
897	446
410	35
99	83
172	292
302	764
669	337
270	519
642	643
1161	183
346	6
1079	121
513	90
898	303
660	219
179	180
40	224
121	224
447	40
579	27
382	23
638	822
1004	86
59	236
105	438
337	12
702	91
193	9
244	107
810	551
14	266
261	6
1144	113
802	762
106	166
346	121
745	126
896	116
432	158
631	349
3	101
787	270
371	127
445	868
3	26
125	777
159	53
547	302
763	436
1207	302
299	63
933	1033
270	584
982	115
237	5
624	172
413	240
432	41
826	587
241	165
248	99
145	90
104	8
76	83
338	769
26	83
215	381
736	338
726	613
976	907
91	94
900	902
1186	837
551	909
659	5
109	69
621	9
632	678
978	198
993	660
737	584
302	787
32	263
1018	368
1210	118
206	3
344	53
67	247
59	243
75	94
127	846
1111	348
44	22
38	48
1090	219
94	222
106	5
1035	912
982	125
288	79
32	26
445	811
277	152
515	769
802	587
1134	55
891	127
50	182
1057	835
478	46
842	183
1191	667
776	183
844	782
1056	462
857	805
732	733
356	6
178	772
848	451
15	551
557	80
122	451
334	55
712	303
578	408
849	782
593	805
93	94
266	219
605	224
927	958
535	810
98	96
476	60
141	264
32	80
809	168
3	72
579	258
911	183
290	75
131	51
852	769
145	105
107	213
302	995
766	222
117	350
675	6
79	287
605	485
105	210
32	548
856	183
97	26
1042	198
419	11
244	238
302	339
302	924
339	425
1072	755
260	131
302	1018
539	436
27	8
371	177
869	86
107	4
499	5
201	416
385	2
512	77
1054	118
22	6
147	128
1217	15
535	353
73	75
1060	15
90	389
350	230
79	151
102	98
756	177
799	127
3	90
66	6
1052	403
413	5
302	852
883	874
118	515
868	400
504	42
774	529
844	224
68	32
605	780
270	910
341	30
739	372
449	168
172	95
1111	224
1002	667
738	813
379	652
168	485
1042	117
72	282
32	98
206	11
154	40
109	383
79	249
1099	178
735	710
241	102
79	112
1200	183
59	152
105	273
258	240
126	368
173	76
66	72
686	242
626	94
321	170
538	15
16	224
108	42
904	758
689	853
370	303
175	72
105	32
579	99
523	5
339	16
910	805
8	3
846	611
565	235
1042	177
678	802
219	113
390	6
344	651
479	33
107	284
572	5
861	15
1099	485
68	64
508	3
111	99
371	739
459	27
1163	76
660	858
188	15
805	425
302	993
96	103
814	15
112	108
289	235
153	80
151	108
755	1150
753	772
160	1055
1127	266
310	90
660	125
373	3
856	860
1	8
859	177
809	487
840	394
5	249
41	35
785	120
541	70
1006	748
60	14
660	117
29	112
1210	121
90	367
5	235
33	46
1052	774
125	310
858	77
159	286
534	14
1058	118
291	15
445	651
26	90
871	782
991	122
140	22
64	209
153	5
487	127
513	117
296	103
830	772
335	77
597	55
927	168
229	630
632	84
154	18
302	974
700	163
107	187
285	165
856	97
22	217
121	222
522	5
22	46
324	35
22	110
266	72
205	3
791	736
1216	127
578	466
445	985
84	462
753	739
96	149
282	172
884	436
844	807
887	1018
412	91
1202	529
791	177
235	93
1216	770
1205	183
29	6
891	118
844	733
835	738
802	94
217	94
111	112
141	492
516	594
64	101
128	145
927	462
292	143
233	241
909	353
887	368
551	224
638	127
522	35
373	183
786	122
856	224
1123	445
934	436
302	853
1032	77
32	322
101	153
96	282
653	761
205	51
1198	310
802	113
178	1058
759	738
1126	15
518	763
12	47
324	72
267	171
248	6
716	74
373	1050
19	183
746	160
353	771
335	121
857	483
448	304
63	40
632	11
122	224
869	127
101	51
807	829
927	445
722	46
678	584
122	219
584	117
13	265
223	39
71	9
537	127
215	107
523	197
122	805
461	168
66	265
382	27
1111	425
570	11
536	127
927	155
699	593
892	1020
892	758
384	146
59	212
95	38
62	9
18	27
803	757
337	3
431	379
238	11
992	678
325	3
740	121
302	539
37	166
265	302
137	258
445	670
44	13
501	403
736	654
811	55
772	551
993	127
852	777
135	108
596	49
833	587
991	372
1015	733
836	302
431	246
260	9
1184	667
547	462
895	487
235	14
848	778
485	581
1079	855
23	94
564	11
242	244
422	10
702	136
193	261
1110	120
233	248
105	245
172	35
260	110
786	629
407	144
1103	629
33	14
787	55
696	76
578	675
40	59
941	178
678	229
772	118
801	127
125	425
258	187
1074	678
857	15
1035	956
818	189
654	353
473	2
736	329
188	80
830	733
771	777
261	336
339	111
3	158
537	445
180	120
105	622
33	184
168	368
490	26
517	425
402	26
790	121
425	120
169	176
459	170
151	150
605	786
339	303
325	328
808	177
188	8
790	198
787	951
712	534
302	979
638	1108
177	224
241	48
71	6
105	36
23	138
804	805
14	80
624	154
670	772
516	352
1107	117
537	933
292	9
487	118
829	155
159	577
738	302
844	669
694	91
1064	118
903	876
486	97
779	302
141	611
582	462
539	218
105	14
1101	118
274	11
23	172
580	582
158	38
632	710
258	219
412	99
985	677
654	403
197	5
374	260
157	173
965	630
244	241
1037	869
120	310
1199	121
1146	224
265	32
325	81
800	224
325	184
1048	605
402	600
445	1020
1094	177
277	91
159	2
171	107
786	660
207	186
1080	127
1190	189
449	241
1117	445
147	136
539	745
1047	348
978	594
302	746
678	101
168	219
64	406
406	6
173	38
766	51
290	266
41	5
338	198
839	403
579	149
1210	391
131	337
59	68
241	9
50	159
485	652
660	678
18	2
261	262
638	756
114	846
22	265
929	370
178	957
519	122
1138	838
125	1121
1216	86
903	117
747	681
66	4
445	593
172	167
953	765
834	738
302	1041
631	391
212	24
932	302
117	655
127	582
484	168
896	837
196	5
942	222
787	425
982	183
111	212
339	1042
28	83
16	15
5	99
175	94
127	97
1161	15
95	49
23	41
3	22
61	171
248	40
640	5
873	857
884	338
302	827
1103	772
96	51
338	349
1024	403
1198	519
403	372
6	3
50	69
684	80
26	109
13	42
776	127
445	1101
182	133
927	349
830	826
1002	15
385	70
909	445
102	22
791	516
539	768
325	76
578	94
71	102
742	368
22	47
96	44
157	3
302	868
44	46
932	118
411	244
763	115
484	123
461	104
600	5
302	931
516	15
14	94
235	9
281	12
534	12
605	462
807	793
281	4
65	3
786	462
172	241
215	385
490	207
874	118
302	757
105	369
222	113
61	108
787	158
1039	1033
237	38
64	158
501	348
159	8
532	5
539	778
938	445
105	253
339	351
844	1108
398	91
302	985
370	546
1003	630
281	312
653	160
79	107
209	278
579	80
689	587
8	15
624	130
238	358
519	777
18	79
678	775
38	172
818	183
106	79
653	302
127	425
120	391
830	118
801	118
814	593
533	6
802	91
1103	846
1060	118
63	61
173	27
151	30
547	529
392	770
1	5
99	22
763	55
108	26
537	84
96	94
736	168
94	26
869	1157
233	378
149	152
82	13
992	446
660	286
1009	183
157	9
487	794
1127	12
22	286
756	178
50	40
309	2
66	234
48	148
391	94
1144	710
109	203
985	756
238	299
182	183
96	154
785	118
785	515
909	15
46	23
632	310
302	945
875	857
926	121
383	11
177	115
859	224
106	71
137	128
173	75
688	515
605	120
631	451
134	20
3	129
694	81
406	182
59	89
70	45
501	779
396	131
807	681
302	858
1072	115
756	370
887	163
294	69
1183	183
140	20
670	445
46	13
152	3
16	113
267	266
285	88
289	91
534	94
426	427
798	593
695	77
677	348
941	55
738	462
48	104
593	446
807	15
653	15
772	403
982	913
1218	222
94	6
32	53
389	113
454	80
909	486
386	387
431	235
31	540
653	198
338	126
791	867
205	296
128	136
784	1016
692	805
352	710
554	76
326	33
753	32
385	23
105	108
267	11
17	51
762	786
605	350
746	846
838	445
513	515
1105	733
95	6
779	839
172	193
37	631
970	667
266	121
374	94
745	515
373	348
334	91
444	445
171	238
41	433
1136	127
405	108
829	913
933	348
1102	445
880	368
982	1033
90	48
106	11
151	96
784	1096
240	184
11	336
354	5
114	115
107	532
22	207
388	113
479	217
607	186
270	846
1218	32
446	772
962	611
675	504
151	152
393	97
125	55
982	1090
35	48
71	247
638	765
71	151
292	32
109	40
1050	689
154	13
63	5
485	539
379	892
260	90
688	774
1146	562
109	66
748	844
125	224
105	146
538	368
539	538
40	111
118	114
542	144
238	211
826	681
828	782
267	110
1215	534
1104	920
759	445
839	178
59	83
168	775
64	197
579	38
1110	403
125	86
99	212
59	110
164	14
1119	113
188	118
1095	127
699	198
445	371
1093	529
820	809
966	198
59	249
832	667
584	515
425	15
281	79
603	2
187	4
892	219
791	55
50	76
871	681
626	3
187	12
379	893
486	302
79	111
1140	126
352	391
105	552
290	38
791	222
13	15
651	866
579	244
786	712
137	2
159	14
1138	77
41	393
436	764
50	79
515	97
535	15
414	506
1140	117
1216	1038
352	51
725	4
598	49
882	462
151	145
454	408
485	1111
66	111
342	2
154	48
485	198
201	414
70	5
689	692
156	76
222	368
539	391
669	907
40	13
913	177
23	171
160	1092
501	681
283	436
114	124
93	350
279	43
1064	739
479	91
660	115
942	582
188	35
267	200
152	89
270	464
660	812
48	219
250	186
215	250
209	294
535	116
31	139
892	638
109	42
740	118
142	134
1045	302
424	35
153	14
720	192
1147	462
652	127
741	736
135	10
359	172
677	868
815	738
483	1072
866	198
388	244
79	5
302	795
1107	462
931	1006
787	2
927	177
14	75
274	154
824	1126
1139	403
745	770
459	11
501	712
60	476
112	2
1026	403
92	163
445	857
1053	462
884	15
16	168
75	11
991	329
169	20
547	778
786	581
1087	351
677	1175
919	302
370	462
325	118
1153	177
1024	116
5	12
579	171
285	27
157	114
339	593
484	436
1184	177
544	3
1191	762
38	2
193	26
302	832
160	795
233	150
22	94
407	28
984	121
859	534
688	462
535	514
383	109
379	638
393	312
486	122
241	5
151	3
784	487
105	27
534	15
856	302
1105	782
66	99
547	114
653	303
182	258
123	899
716	130
993	86
242	294
1144	425
964	762
909	403
578	195
985	86
929	678
820	738
265	6
1123	55
515	224
241	46
352	113
799	769
71	154
675	286
1207	907
1218	131
235	182
128	138
829	115
779	339
1056	712
931	594
721	53
33	243
583	964
131	246
254	32
178	1121
830	689
861	303
215	128
105	100
1101	302
182	193
756	712
857	457
761	462
1039	403
767	198
1024	310
631	303
66	244
430	11
863	352
884	86
1080	183
206	186
210	244
654	177
484	839
126	86
240	5
18	45
158	15
956	370
311	422
420	8
1024	770
793	118
302	1003
76	121
785	630
605	168
23	79
282	136
527	571
1003	349
766	485
1170	1004
356	8
127	786
736	747
117	904
501	222
623	5
200	104
495	118
490	1
844	371
629	425
803	53
90	123
97	348
326	109
598	130
547	15
777	1068
929	221
421	334
479	184
791	224
120	119
22	153
32	249
459	69
976	551
235	184
350	519
985	587
501	677
246	328
277	9
325	130
958	118
711	133
186	5
1007	913
1110	148
43	6
1028	638
324	75
240	284
1	10
927	897
83	3
193	49
3	112
432	108
1002	117
675	17
3	107
767	177
655	802
95	122
293	11
952	868
651	933
678	55
159	109
1144	403
90	15
383	23
852	436
90	51
777	516
46	6
539	117
484	638
122	425
879	302
1157	224
486	584
539	125
243	106
651	113
1141	116
89	92
209	51
182	96
123	106
178	425
323	75
856	858
775	584
829	758
598	32
522	398
265	2
596	43
1010	302
738	797
882	881
750	372
120	805
379	660
677	957
922	302
867	100
338	131
38	99
688	838
516	222
521	416
935	371
182	244
677	846
532	27
956	630
875	761
172	106
787	91
73	11
913	120
29	74
23	47
260	244
1099	736
416	137
1138	183
454	5
41	94
23	242
153	184
147	9
125	120
462	177
3	41
326	38
991	222
824	817
678	547
740	183
431	5
782	118
650	117
40	158
1215	339
19	2
151	158
15	224
629	113
384	69
171	154
159	72
832	869
265	30
248	64
302	270
1207	539
1168	837
897	611
1002	758
3	150
1000	15
742	329
44	81
596	99
238	317
785	403
539	913
79	51
938	515
866	738
802	198
875	177
248	131
421	46
678	807
1071	505
660	952
534	187
107	14
64	108
111	55
135	79
993	1038
1024	121
104	3
70	103
791	329
892	124
722	51
70	55
1215	125
150	166
829	403
103	3
605	474
539	959
323	118
129	24
200	410
108	103
868	220
28	76
302	956
138	48
353	515
534	51
919	77
265	79
224	351
845	782
478	5
938	183
231	9
411	14
749	870
408	150
1099	403
827	593
151	64
261	75
171	6
1126	55
22	37
379	712
623	481
173	12
60	53
802	795
1111	118
495	584
337	42
569	34
101	44
182	424
787	391
437	12
179	19
479	25
22	203
1086	372
82	212
1144	117
786	777
248	214
643	83
201	137
69	8
159	5
978	368
723	51
94	47
1173	224
8	104
27	9
826	15
913	446
636	26
1210	186
282	23
754	121
29	17
392	224
142	192
280	53
147	159
651	877
55	351
94	168
208	20
584	699
290	211
655	183
551	462
890	148
106	32
79	2
756	594
787	758
678	916
215	64
50	154
1022	189
26	5
168	53
856	583
325	5
660	712
29	474
702	5
151	167
800	178
1215	486
23	209
261	197
14	98
874	774
1093	198
406	10
122	782
158	345
393	153
869	928
370	800
734	183
182	209
501	516
168	118
461	345
535	898
153	91
240	82
109	83
833	189
900	901
551	122
1191	769
241	91
338	119
1168	368
787	368
310	183
270	84
751	15
681	400
474	117
722	222
265	211
188	94
605	1084
1095	183
287	49
29	55
178	663
738	832
76	11
632	446
22	106
688	795
127	801
450	5
654	53
992	220
866	183
754	178
498	143
904	198
288	212
146	284
109	80
350	118
835	55
120	125
127	769
280	211
302	815
844	539
337	136
829	818
32	2
956	51
294	153
771	15
48	91
95	83
792	870
817	445
824	302
281	306
779	97
210	278
1152	177
653	774
249	5
894	445
10	3
302	963
445	663
958	177
302	1006
1218	219
722	74
831	487
114	3
3	34
677	514
1218	224
829	736
182	59
59	47
144	12
71	7
660	177
64	68
346	109
128	139
778	168
487	177
846	55
1218	178
736	484
182	118
125	403
1201	224
270	122
1202	733
497	496
651	302
1121	755
892	699
869	751
44	96
484	765
282	22
110	144
766	655
1024	55
745	593
1003	302
342	118
96	19
607	108
1117	394
1030	733
979	224
66	242
748	678
509	186
675	472
834	224
198	230
70	112
177	94
605	594
172	27
583	302
76	183
643	642
677	844
107	8
287	284
688	755
59	182
909	770
736	224
866	681
238	58
402	17
771	678
578	673
539	587
764	487
1048	771
530	113
495	352
786	594
209	153
270	539
37	68
109	211
464	539
109	96
791	748
294	132
652	772
391	854
82	49
844	124
681	927
490	149
968	77
1137	168
104	32
346	42
637	638
408	11
155	1065
309	596
32	68
1175	127
32	110
769	534
760	15
740	303
1047	403
846	762
798	46
66	508
1034	117
877	183
1126	127
75	336
1184	16
149	121
33	99
60	283
787	76
153	96
168	534
473	384
292	26
1106	218
1015	15
520	5
930	982
562	3
829	1103
109	91
64	278
764	115
60	103
1179	855
265	3
753	367
105	109
935	514
248	212
138	2
114	446
289	288
182	75
344	656
4	260
241	233
319	108
398	3
126	761
171	94
48	5
67	186
105	50
678	950
89	22
1170	892
215	387
551	539
269	186
779	1079
762	177
1218	353
173	183
829	689
38	18
299	171
342	344
188	51
64	154
370	302
632	90
579	46
284	94
839	582
414	205
766	462
159	578
90	310
958	667
41	96
861	51
99	114
15	198
999	118
802	652
756	118
82	40
300	71
146	151
490	94
387	602
516	514
171	50
120	425
459	59
892	224
285	438
95	98
325	326
807	400
224	148
408	48
452	88
261	14
27	51
370	226
432	557
474	198
68	69
875	446
486	198
1086	183
158	170
652	451
182	5
200	103
18	6
500	334
32	325
309	171
539	611
285	38
991	116
27	152
105	615
778	379
472	5
968	183
800	684
200	49
268	55
146	99
689	379
828	678
40	6
64	179
352	6
249	9
1087	119
79	90
112	107
746	224
169	5
393	53
745	222
101	11
22	200
666	143
850	189
778	777
99	147
107	324
285	8
299	59
709	11
94	182
187	136
27	3
59	251
117	51
337	108
479	136
437	171
94	123
942	805
274	133
548	48
898	855
159	57
801	485
864	534
841	534
138	96
339	899
689	849
248	203
33	32
411	200
1050	224
29	9
889	183
397	398
802	933
738	348
763	118
396	4
501	514
61	112
486	594
484	425
144	186
339	126
374	8
551	97
864	883
675	377
513	116
64	353
892	514
1035	771
688	122
356	4
801	770
626	48
484	763
32	99
473	476
738	630
325	45
829	487
349	118
1215	777
270	183
1065	181
794	487
501	629
412	143
338	93
95	103
338	224
689	339
459	80
32	560
151	368
151	99
820	688
508	32
392	897
605	178
904	183
101	186
745	15
1111	219
891	594
551	310
747	895
247	91
778	534
137	492
514	594
71	3
760	198
160	114
545	76
64	138
68	13
125	352
1068	777
653	712
1090	91
243	94
784	462
344	352
344	485
833	781
746	425
350	120
212	3
68	337
66	41
678	605
164	168
985	198
283	486
164	11
325	228
350	123
763	655
339	529
474	514
258	6
160	1044
162	30
66	158
1215	86
201	6
1179	178
29	47
791	812
1151	372
82	108
425	124
219	125
105	5
501	338
112	244
233	110
104	6
248	91
523	11
803	368
1039	183
90	212
785	802
675	376
302	1005
385	45
684	122
110	76
22	32
445	163
370	183
1034	1000
71	51
479	5
23	140
384	4
151	149
32	3
756	462
852	117
158	106
1111	178
580	839
179	182
235	131
146	66
892	462
44	93
61	413
810	485
1087	652
578	37
917	678
302	379
746	774
109	112
79	27
827	55
32	90
363	163
763	283
68	58
1072	753
388	336
379	813
892	681
40	667
436	89
777	100
783	782
722	3
151	23
605	90
95	111
988	183
106	69
44	90
338	114
844	678
586	11
64	131
302	303
433	11
892	770
13	79
605	11
23	64
1072	791
484	445
1172	55
829	425
790	587
777	125
1064	753
223	55
222	155
346	90
268	269
118	91
412	109
50	245
50	368
999	94
10	72
631	629
337	338
127	611
95	102
238	173
302	1038
732	302
484	100
106	99
1103	751
172	9
778	352
107	24
402	321
801	797
90	391
141	131
244	30
766	736
71	59
814	368
241	51
551	749
168	712
466	49
892	160
1147	710
466	30
413	108
535	125
801	349
281	3
736	743
125	160
331	108
23	18
64	26
487	784
1173	1009
752	127
540	487
48	6
651	403
779	594
102	81
151	42
749	177
285	6
50	36
168	518
5	101
513	514
907	594
660	892
1070	118
791	178
59	150
675	171
537	340
54	55
370	224
160	951
551	118
105	335
275	53
342	323
58	59
118	53
98	296
101	24
1024	117
27	42
64	582
939	403
987	218
210	186
32	275
128	34
168	90
126	222
631	214
152	27
114	10
826	539
565	12
640	38
702	79
243	40
991	224
96	6
160	92
379	160
643	121
307	381
784	783
281	69
1030	302
764	1072
309	131
337	670
76	220
26	49
850	751
106	22
675	5
838	802
797	738
537	518
852	582
127	763
94	197
1191	121
1216	117
406	167
595	30
877	224
114	519
160	588
579	79
151	5
197	113
1068	127
75	284
339	76
422	423
91	79
180	119
146	9
816	445
495	5
486	368
155	350
907	667
578	209
928	886
122	222
151	22
240	235
736	757
1189	183
287	90
112	22
131	277
40	451
930	118
86	118
3	5
172	12
660	765
908	795
829	1081
258	109
596	8
778	667
215	151
681	869
757	224
534	485
694	152
767	758
593	118
1068	462
445	1001
61	58
219	11
586	587
398	222
78	83
277	69
808	221
283	127
172	211
63	500
231	91
109	11
593	611
807	587
151	66
352	168
102	27
283	2
59	9
1035	852
302	747
862	189
445	749
302	831
180	594
1020	372
177	629
240	187
778	303
459	172
261	11
1034	15
109	152
829	786
916	177
193	79
243	6
173	136
999	777
326	50
490	197
145	244
590	591
338	113
29	143
660	802
877	403
638	178
459	109
519	123
22	79
267	91
352	183
112	43
1218	113
927	763
927	933
1141	8
747	958
1102	55
375	374
502	5
250	68
1169	113
949	898
678	221
267	40
238	63
267	98
437	153
296	24
150	83
579	90
483	753
522	76
173	30
469	43
401	5
370	684
445	1104
338	391
1070	5
108	11
904	1112
260	47
159	46
118	350
71	136
539	684
852	802
802	183
302	77
104	83
132	113
688	611
127	1109
753	611
50	32
508	262
1004	400
114	246
863	198
287	94
1191	310
1154	6
240	246
6	394
99	26
445	978
193	424
197	11
619	11
850	710
265	94
55	118
936	5
2	129
133	39
356	5
1173	982
178	103
745	127
429	5
171	435
827	611
712	353
59	248
653	516
374	5
79	13
800	302
398	51
867	5
339	774
406	184
365	136
536	368
172	108
287	424
22	152
961	127
663	178
81	150
105	95
535	611
487	712
1064	769
20	23
27	47
1115	55
260	72
66	25
1139	117
1018	485
1162	177
33	72
445	1107
390	48
302	779
1086	539
178	1111
90	150
487	689
284	75
71	278
689	222
28	192
740	349
1168	302
830	798
857	670
235	49
323	379
844	1104
537	163
856	483
1024	329
1079	899
1079	652
631	125
191	5
215	411
892	379
826	930
66	519
732	734
782	783
302	667
473	570
497	25
150	215
90	91
123	11
107	35
785	903
658	379
1072	118
933	551
801	15
402	704
66	32
99	3
982	763
280	49
59	81
10	242
1006	183
352	97
576	11
277	275
584	352
501	1054
777	124
1058	111
785	86
15	372
978	584
749	484
109	13
12	69
601	149
269	491
82	222
159	492
250	112
86	127
1035	973
241	14
105	617
870	1018
485	121
738	740
86	425
267	172
403	593
762	115
596	5
1024	183
352	518
290	13
158	172
302	975
250	129
158	11
1	7
583	833
942	839
432	27
302	1002
66	94
240	260
660	747
20	27
826	582
67	163
850	177
247	173
849	183
441	83
485	181
79	285
97	49
352	534
824	183
1138	778
539	949
356	113
910	823
492	50
747	126
579	151
95	90
966	183
495	593
661	5
461	30
829	464
1139	148
292	109
557	432
712	115
339	831
869	857
1072	927
33	35
638	807
27	113
660	352
172	14
105	93
748	660
334	154
33	70
852	462
160	340
766	115
747	55
513	516
632	168
484	855
165	96
258	11
390	103
1078	781
605	771
292	80
265	36
490	3
335	94
868	1060
892	993
965	911
47	136
302	1042
1115	425
283	483
867	777
45	18
238	90
596	46
171	437
126	118
579	240
1163	117
235	74
145	201
1006	551
120	758
791	86
158	12
302	998
605	784
294	49
537	807
102	79
766	776
874	733
605	1026
1093	163
81	90
346	55
41	154
514	177
660	400
151	169
92	5
888	372
915	53
140	112
779	124
660	762
3	133
535	758
273	8
504	38
178	55
159	94
843	55
155	584
1119	5
959	667
844	403
927	214
17	44
265	149
651	221
490	406
545	546
714	200
605	101
33	265
1004	866
32	212
339	283
70	2
41	76
646	9
860	1111
398	158
35	108
785	368
515	177
258	3
337	153
501	189
1065	189
99	91
535	899
349	168
153	132
1094	120
782	403
801	764
40	243
1172	667
370	76
484	582
978	15
158	219
712	339
584	474
59	63
101	35
137	93
151	106
354	28
841	689
188	224
594	368
364	192
630	221
102	118
412	25
61	5
152	108
138	128
29	11
105	461
13	130
483	403
651	934
63	238
628	163
1170	183
778	11
32	207
476	473
270	551
678	155
145	129
1099	368
244	110
338	219
169	171
1071	183
579	30
678	349
250	159
537	535
736	587
610	5
909	6
791	761
149	44
820	445
1220	667
221	302
244	94
238	61
1199	125
1030	738
13	14
233	217
145	75
1136	303
14	36
107	72
829	400
233	49
1068	348
965	178
302	1046
403	302
247	27
857	865
738	774
412	184
749	391
323	119
302	1043
13	95
829	655
66	207
647	163
713	43
660	537
392	118
266	51
153	38
632	108
839	535
598	24
1060	584
736	748
737	224
302	892
157	46
95	123
84	425
1079	689
863	758
82	26
792	922
479	192
579	286
791	755
219	84
794	792
844	462
812	772
837	782
857	868
784	400
547	774
359	266
479	478
303	122
187	8
157	193
913	519
125	534
168	177
20	201
1072	551
746	126
248	59
244	33
905	183
127	222
406	11
235	40
2	11
367	753
47	130
151	40
40	165
621	143
413	198
89	91
1132	118
538	303
609	9
1087	551
991	127
751	403
127	123
848	183
830	1173
248	38
1182	487
145	103
681	1018
533	43
16	587
5	240
809	9
22	170
661	246
578	157
193	154
155	83
935	221
410	76
701	76
325	12
579	42
42	13
159	20
942	310
669	839
333	6
339	611
219	91
689	848
1034	771
785	667
258	246
716	113
217	216
927	323
282	167
108	136
391	183
238	243
403	15
797	15
317	61
3	19
247	200
763	777
858	445
44	72
233	51
741	55
899	118
81	99
193	34
127	15
79	172
1055	989
490	336
485	117
103	6
1134	127
579	47
14	241
109	12
1155	183
146	109
1024	127
660	538
785	741
648	30
790	218
95	55
398	397
1020	535
96	43
265	12
874	741
445	1100
130	129
833	177
19	186
71	149
20	6
550	551
151	193
270	338
653	933
760	186
461	90
64	584
437	318
215	132
68	242
44	143
583	835
579	109
1218	84
829	302
666	6
242	104
324	112
1166	580
459	284
895	762
829	771
23	157
772	368
105	112
302	1012
261	136
141	97
253	252
1072	283
495	667
899	474
64	151
1140	770
892	1006
2	189
101	241
538	895
783	189
1099	551
1220	177
516	462
1119	368
26	260
802	712
151	2
539	114
1038	368
757	736
858	183
1079	519
64	76
738	582
1218	27
759	761
142	240
746	529
302	712
89	6
35	44
79	12
32	149
334	12
791	681
35	97
37	584
153	112
929	765
525	5
155	302
283	9
655	736
424	47
2	187
1090	51
258	4
917	183
334	333
850	474
324	91
258	131
107	40
135	74
763	125
412	200
603	163
129	5
1103	118
993	681
58	27
243	3
332	143
29	14
663	770
41	90
267	144
37	76
177	779
1177	772
342	35
594	117
567	166
281	11
579	193
118	115
1018	403
302	966
40	110
330	281
656	302
235	81
350	84
8	25
764	55
38	190
243	91
267	93
337	53
70	108
64	136
738	795
574	89
852	782
407	3
801	667
81	102
791	582
766	514
787	737
578	674
694	2
1051	183
678	655
763	1018
744	736
580	753
127	879
155	678
771	403
917	808
314	172
1215	15
1054	113
168	94
171	46
1215	899
127	122
98	5
535	833
793	302
302	1037
1201	77
3	96
660	310
33	103
157	13
50	140
391	353
547	177
66	60
742	582
200	42
692	118
593	349
1222	222
551	1024
512	183
172	91
811	883
1111	805
786	802
678	811
1185	655
660	516
172	169
328	246
839	896
1109	303
631	182
50	55
267	23
61	65
803	594
1140	445
684	3
844	876
281	311
755	779
133	118
151	89
678	588
581	485
791	391
157	332
6	112
812	1050
429	77
267	13
118	224
235	104
3	9
26	136
135	58
406	197
829	436
281	154
34	11
12	94
99	49
5	8
406	24
675	107
552	149
16	121
899	403
68	479
302	1023
20	30
850	536
317	135
50	165
334	345
579	136
985	773
890	425
445	1026
309	33
51	266
338	125
551	302
302	808
14	235
909	474
153	94
402	504
82	53
1064	6
32	5
861	352
519	710
1020	403
790	55
227	228
302	916
899	593
137	108
326	96
802	89
27	96
829	1119
1038	582
1099	451
459	149
321	197
751	118
1106	817
797	270
290	46
376	260
151	210
864	758
241	79
253	105
826	483
736	115
346	99
578	38
812	837
739	753
551	485
64	105
466	136
1028	127
749	370
22	42
151	11
240	46
28	97
757	924
1198	5
212	11
858	583
96	79
178	116
270	226
200	211
285	32
201	105
10	19
412	153
17	45
1047	125
90	390
1074	183
420	306
337	246
292	112
953	546
66	22
296	197
984	445
632	121
489	209
1173	1160
1142	86
211	11
453	183
1147	53
797	782
285	60
485	777
107	46
801	593
37	113
891	403
353	90
302	977
70	3
777	220
1168	529
825	733
1035	15
519	84
78	13
339	368
875	425
539	844
309	595
171	187
270	303
993	733
111	3
27	40
224	186
605	736
743	100
689	219
27	118
97	4
412	82
22	9
459	72
1121	303
478	3
444	55
1121	178
618	104
1128	55
597	60
182	13
459	79
94	50
238	463
79	36
678	827
302	487
134	128
1150	1149
142	366
1150	1035
388	79
942	350
1025	302
638	370
687	55
178	445
126	486
13	36
886	832
219	177
535	537
104	11
1044	55
127	160
567	80
66	186
748	178
326	6
165	167
385	166
137	269
569	49
265	33
302	495
539	224
173	45
117	118
1073	483
769	168
747	710
605	312
536	224
48	154
942	352
888	782
479	246
235	94
302	371
107	278
748	198
41	55
844	947
272	30
643	1034
29	12
14	66
724	4
465	163
275	108
702	94
203	22
32	24
513	121
248	233
1216	177
201	12
411	266
296	80
69	235
850	750
883	911
370	373
270	1144
105	621
926	712
548	109
238	241
1103	224
531	50
884	462
324	108
539	764
267	9
71	190
1039	792
935	784
861	11
1052	86
784	379
82	118
826	183
1204	183
738	827
605	8
267	48
168	631
978	55
317	131
785	772
568	144
909	1054
62	495
1003	77
892	874
339	464
384	72
904	903
402	707
512	23
653	391
1221	198
412	167
63	33
68	677
112	101
296	5
992	124
810	867
102	103
48	9
385	10
748	183
800	348
1103	120
515	198
785	817
114	9
678	817
20	128
63	173
497	170
484	584
507	163
160	328
1046	302
388	3
5	14
302	796
1114	224
765	812
200	155
68	172
415	46
985	812
1126	183
445	982
241	249
766	76
114	12
495	15
1033	462
20	11
151	9
382	186
883	820
920	123
1035	630
384	23
240	53
741	113
605	741
71	75
778	310
584	168
242	64
1094	761
48	84
932	221
736	189
783	540
932	15
1115	15
660	367
927	678
168	446
1107	445
811	856
487	283
283	141
277	6
788	737
158	40
60	144
601	186
829	55
937	691
134	130
265	11
892	446
874	951
370	798
675	35
799	370
578	163
283	484
535	981
660	338
380	11
22	104
390	219
723	11
40	72
127	115
370	117
823	422
913	198
659	8
235	295
1024	224
550	5
160	540
127	371
48	19
957	846
265	288
1144	15
807	842
66	271
1204	189
302	1027
294	4
362	14
288	11
475	83
802	77
436	762
800	117
868	855
592	51
153	165
638	379
111	81
319	163
157	18
125	485
1207	587
182	50
20	5
247	519
551	933
138	32
415	24
745	178
547	655
1	11
75	8
756	655
302	753
71	27
660	932
1020	118
922	1089
457	66
1013	584
535	16
883	733
135	23
288	51
235	101
31	17
108	93
1064	48
94	118
103	91
2	5
219	119
925	733
466	251
1087	113
38	150
445	835
1215	123
31	8
578	239
370	762
1188	758
765	177
445	429
778	117
3	265
1050	15
125	51
513	303
107	30
866	221
82	265
861	224
35	64
779	15
282	307
29	36
294	113
1086	55
838	302
829	775
66	411
338	155
892	935
511	9
624	99
22	27
365	6
1121	772
125	118
114	125
243	11
123	805
247	94
18	12
207	144
1195	183
868	959
168	114
84	97
638	183
484	126
953	868
1205	446
736	514
745	425
1117	763
474	15
101	69
241	235
484	736
408	105
987	538
35	76
44	99
47	129
267	82
485	474
814	55
160	302
118	90
94	9
408	20
736	122
992	582
63	249
829	631
111	30
20	83
118	120
238	4
241	6
643	94
135	184
474	551
654	487
95	23
150	104
64	521
751	125
776	126
98	40
142	103
802	79
1018	681
20	202
890	891
926	221
59	72
57	130
844	1102
776	394
75	323
961	118
233	79
274	277
93	235
784	539
244	242
120	710
29	79
2	113
557	153
127	348
29	22
885	118
84	113
165	13
309	80
118	100
786	773
91	103
715	533
59	4
874	678
240	49
494	3
169	175
548	108
766	594
777	122
117	895
65	55
902	900
490	182
20	210
177	474
33	42
424	11
147	49
689	782
772	1054
23	30
883	760
2	12
894	118
1111	904
978	770
29	35
716	11
146	107
430	217
516	177
586	588
660	127
992	117
71	11
302	947
992	772
887	689
112	53
352	224
1024	758
123	770
153	8
646	22
660	638
233	12
1033	339
826	987
879	186
787	844
936	127
168	51
182	152
40	213
112	109
991	353
299	300
258	108
913	15
638	850
985	222
516	117
569	186
520	14
593	86
988	118
651	811
842	394
63	394
370	177
280	5
32	72
296	94
108	381
909	5
787	394
173	93
71	83
291	200
159	207
457	681
412	13
304	305
518	177
927	846
719	5
1052	76
762	897
1097	183
64	67
593	329
250	151
534	303
757	183
623	27
99	102
638	582
105	249
1203	121
879	534
445	858
209	40
121	177
410	11
288	99
584	660
1211	183
516	198
1079	846
151	43
826	937
309	91
3	91
117	605
487	1175
339	769
292	10
64	235
337	83
1215	118
1198	198
1119	97
265	41
299	50
981	302
97	95
675	45
537	177
1218	339
1136	198
827	198
63	235
33	19
893	778
513	94
76	119
793	372
934	221
798	302
655	117
239	466
841	762
864	762
157	8
66	53
248	81
325	96
888	77
175	9
844	1167
361	11
892	183
8	198
117	11
844	351
18	71
1099	755
36	6
738	810
794	667
13	24
168	116
155	1059
265	23
712	1131
681	892
50	163
1184	117
801	933
203	150
779	766
445	1074
64	118
144	5
598	5
94	104
149	153
165	99
169	9
1033	782
1132	755
44	91
64	166
37	98
742	114
474	594
892	55
264	36
877	15
752	183
779	689
95	120
884	118
594	119
110	50
744	1090
124	348
23	42
882	77
65	234
112	42
96	99
284	51
244	79
844	348
736	198
117	349
285	30
323	5
145	186
811	670
904	551
244	93
928	445
114	15
983	895
72	12
13	184
337	5
783	117
282	27
238	128
145	53
767	394
1006	462
885	183
71	18
490	105
830	753
756	638
467	53
302	874
931	761
746	1109
830	738
740	11
180	485
184	5
267	46
756	839
978	302
445	784
37	3
763	958
698	94
312	53
850	117
215	508
742	177
35	106
909	11
114	462
13	107
936	630
952	77
820	1057
748	839
894	127
178	593
801	445
50	103
927	761
3	64
605	349
325	83
1110	15
515	120
745	349
539	580
844	368
137	246
578	7
1215	222
66	107
535	103
172	200
688	183
999	403
931	224
1095	222
27	23
294	369
654	183
736	487
917	177
209	186
274	118
874	198
261	32
120	351
275	130
786	117
177	763
579	64
515	588
1028	302
979	183
222	98
233	118
484	539
173	26
1164	183
105	9
302	370
424	24
65	238
4	91
149	154
117	425
535	802
171	244
270	372
270	120
547	118
105	492
474	539
869	183
157	51
501	474
992	956
84	114
337	27
607	165
738	368
117	126
1147	113
678	926
50	167
484	1085
962	86
763	518
954	163
250	45
1126	516
157	68
48	158
35	118
535	809
105	59
410	75
844	446
1	13
277	32
378	303
219	462
915	15
40	3
841	538
104	284
1191	119
15	122
589	242
289	103
200	66
392	116
413	3
876	772
64	50
746	114
653	770
90	118
675	617
93	12
660	738
344	91
521	53
27	64
66	262
791	445
48	212
81	46
1184	302
807	77
414	27
172	47
913	403
839	115
478	8
105	154
109	49
1175	485
117	678
99	74
133	144
193	136
890	183
1005	302
342	41
73	3
835	667
867	312
63	57
8	53
539	852
1191	802
537	538
104	200
868	681
474	772
779	310
844	593
145	143
48	37
117	125
104	69
353	352
179	6
66	57
539	864
108	173
18	46
904	812
59	184
829	855
108	51
786	178
238	260
677	220
740	119
1003	177
802	667
127	1117
670	655
339	11
689	120
766	221
982	353
215	482
147	12
303	302
147	3
57	9
282	99
883	864
667	539
1119	582
808	782
543	414
29	130
159	570
209	11
106	53
187	83
508	8
1052	222
294	36
71	238
696	5
61	463
23	20
258	182
747	903
747	122
3	25
604	76
579	76
515	403
883	638
790	792
204	43
233	23
454	456
849	667
513	93
1145	302
653	117
369	55
1064	348
992	189
881	778
12	11
991	15
105	44
751	594
8	82
827	898
267	205
412	38
833	738
958	168
66	154
800	115
177	485
511	11
159	22
196	8
187	11
105	173
147	140
603	5
459	99
374	75
746	485
376	131
138	11
64	79
1119	302
929	118
675	673
857	303
335	11
393	3
1218	119
131	93
243	244
512	2
513	118
501	127
1099	593
768	629
895	302
171	436
61	94
968	368
374	26
105	13
290	289
290	11
302	801
277	205
970	805
168	310
740	86
844	547
516	224
66	63
777	123
66	110
539	368
1130	163
222	391
927	372
282	48
508	234
32	38
66	83
742	302
857	856
23	27
788	1155
1101	772
55	100
779	219
108	76
688	118
1123	1124
845	368
509	141
1104	587
915	198
233	43
108	182
266	11
1030	77
114	349
1191	116
48	12
66	151
294	614
79	94
802	368
169	3
1026	551
186	130
105	99
91	11
942	177
302	791
285	51
274	43
209	89
445	894
117	446
988	121
515	712
105	64
835	733
1095	118
736	372
155	669
992	368
242	171
764	270
111	151
571	527
240	104
48	153
817	302
867	857
137	94
68	169
850	587
761	394
663	757
675	207
267	12
451	436
677	786
50	104
267	3
894	163
160	632
219	350
810	678
515	122
593	113
600	39
149	40
784	534
247	127
1010	425
632	118
111	462
850	761
874	866
342	24
296	69
852	810
820	934
127	516
1144	583
578	80
317	63
151	153
290	5
1191	652
752	379
60	12
187	184
931	222
1103	593
309	102
39	5
1087	425
993	551
160	843
270	379
90	104
17	49
1010	777
352	121
1034	224
131	275
412	37
72	5
935	1034
421	80
57	196
118	736
579	154
1174	782
1034	178
4	316
127	841
742	660
57	727
618	99
59	94
515	912
702	11
412	75
631	310
1024	761
237	14
787	302
1082	368
116	593
1148	198
172	243
50	110
535	55
111	64
83	104
222	94
536	121
1186	587
842	302
69	14
736	738
1150	118
187	32
146	136
476	183
1028	121
23	76
845	445
338	534
933	77
14	9
883	15
102	222
14	184
927	551
486	118
1060	11
681	1054
267	99
60	51
33	211
86	122
631	160
956	515
537	15
44	104
280	98
247	76
632	222
160	218
1072	177
64	2
815	761
325	157
985	372
818	581
471	29
126	667
106	266
539	1022
829	352
65	260
161	163
123	368
454	32
787	168
151	6
787	436
1216	55
653	486
127	810
96	158
872	733
513	183
939	221
200	11
874	515
13	200
569	150
474	779
270	15
800	371
1203	352
1174	372
1134	611
135	317
764	483
445	816
487	581
2	8
241	82
516	122
31	5
61	33
66	90
736	752
1018	177
8	46
22	89
112	103
809	540
943	629
1074	445
752	177
583	487
13	90
1144	310
526	3
675	331
861	758
165	79
874	792
97	9
238	68
624	23
772	224
807	710
952	183
23	71
168	350
107	76
332	8
1003	593
892	785
1115	115
747	403
808	183
152	50
978	224
579	13
57	32
108	104
215	150
35	11
296	108
359	11
651	852
339	118
624	26
534	143
1035	403
284	15
784	86
579	165
756	486
1211	302
678	539
233	38
413	118
678	368
266	14
314	76
903	118
147	108
1205	952
935	120
285	75
820	829
1125	445
1042	183
193	292
1044	339
485	611
539	303
1118	224
875	224
1106	1091
696	6
326	23
404	30
515	462
539	827
193	27
829	769
868	359
538	539
215	645
63	53
961	486
829	692
449	51
1180	127
648	505
1207	638
501	517
1136	183
1035	515
765	348
50	105
424	27
992	125
1088	462
122	462
778	736
536	474
396	260
688	224
302	1033
59	159
233	140
108	110
927	425
857	763
302	759
830	743
86	516
19	188
337	24
99	38
791	747
94	102
5	27
532	99
844	77
248	211
147	99
1219	148
241	94
22	167
338	122
890	892
741	835
787	339
102	235
414	137
353	155
332	157
68	59
281	108
1103	770
159	37
241	431
826	55
112	94
603	30
751	329
238	254
738	811
503	182
1086	761
985	329
79	200
949	177
1169	593
168	11
160	1033
580	738
433	32
27	110
871	446
851	764
206	136
107	266
326	11
654	1072
413	534
415	14
122	403
385	8
754	763
95	8
499	133
545	547
798	667
120	121
1041	772
165	109
41	211
172	94
153	22
550	35
289	32
283	458
146	18
689	850
538	127
898	534
309	11
651	935
127	177
296	200
787	584
1144	751
885	366
319	53
339	3
461	49
81	104
787	177
379	436
675	278
379	168
83	118
874	302
168	462
292	96
229	15
51	94
791	400
302	971
787	222
201	147
38	171
99	239
909	681
420	40
1006	936
660	483
445	850
779	474
38	41
792	582
752	121
737	788
598	186
145	41
117	474
863	15
670	792
870	445
90	111
33	40
48	108
660	1003
270	780
167	5
1050	118
569	11
370	799
96	212
342	343
638	117
844	890
137	101
513	5
215	59
746	302
29	53
535	178
105	147
484	118
61	317
782	352
168	801
70	80
235	79
1077	163
41	292
738	97
1174	86
267	108
547	368
344	655
894	895
82	83
19	185
270	329
932	403
241	103
64	63
459	190
261	170
280	235
892	168
716	143
637	120
280	4
235	185
688	593
178	580
193	89
572	186
71	143
270	667
125	100
186	144
492	40
857	869
13	359
151	32
252	35
738	829
197	170
929	168
96	182
812	189
177	127
1079	403
792	445
548	8
402	199
1053	302
660	160
60	113
188	9
206	26
992	177
258	42
14	6
96	111
1125	1124
775	5
275	27
212	94
117	897
258	193
861	310
61	235
833	5
84	123
624	105
200	6
102	11
209	171
105	80
145	11
856	753
550	183
786	807
290	102
484	302
108	165
638	827
799	841
206	75
722	11
713	132
783	515
303	631
66	283
282	153
63	258
414	163
193	76
338	352
342	129
290	32
282	109
339	446
1203	127
1218	3
106	172
1139	122
127	736
513	83
23	243
712	772
835	302
736	741
48	102
153	23
76	177
501	349
942	486
111	118
175	38
689	90
50	109
379	519
587	183
71	12
844	303
23	19
171	2
79	283
99	50
831	782
660	181
338	127
157	88
487	302
182	688
516	403
247	153
111	51
283	215
294	6
869	654
811	487
31	536
44	48
159	203
1113	117
993	932
112	102
23	99
61	361
60	143
90	22
61	173
193	325
929	222
605	539
145	3
787	113
96	211
927	765
71	106
582	118
289	112
1119	348
193	145
1047	302
302	981
953	630
605	97
791	514
584	353
1139	40
242	383
302	690
1150	630
788	351
64	149
243	72
516	119
985	127
579	94
247	278
23	111
133	91
32	50
84	55
436	329
13	149
654	160
666	8
1109	118
551	846
1174	189
1093	113
811	445
4	315
337	340
514	766
266	83
751	338
173	4
535	775
3	144
638	829
742	514
578	11
416	5
71	324
11	166
32	151
27	94
32	111
302	793
1058	445
99	69
782	86
79	22
789	117
173	53
40	666
94	83
71	265
1111	222
1095	743
79	75
868	177
291	47
22	266
766	186
605	1018
270	817
660	588
37	125
722	184
548	12
586	118
196	3
827	738
64	111
27	143
484	115
128	129
1072	367
660	1058
539	1135
578	58
200	296
182	32
302	678
688	116
96	36
801	125
105	51
539	121
68	167
241	88
63	121
829	446
125	582
66	36
281	260
177	782
741	178
114	899
725	49
235	291
248	112
869	744
479	108
302	163
243	89
949	989
12	125
431	76
48	44
127	411
294	75
712	933
741	224
250	207
778	224
539	795
1058	123
1078	733
86	462
59	171
22	23
681	551
154	167
229	464
71	72
66	152
149	155
14	43
841	127
164	69
603	3
302	653
338	94
128	30
270	629
229	348
783	771
153	247
3	104
135	32
65	50
325	23
96	245
1198	119
248	261
314	183
746	370
548	234
147	24
23	136
127	484
270	125
752	736
485	86
114	712
302	741
803	183
653	181
18	14
812	303
1198	352
300	63
181	127
445	1009
37	629
108	83
5	108
96	50
250	4
96	286
413	210
777	710
302	842
223	224
578	171
38	10
233	519
324	42
90	284
61	135
360	11
500	91
791	790
79	6
127	168
66	101
412	89
420	154
785	737
491	94
402	401
817	667
352	451
519	350
539	515
551	812
13	101
824	868
92	606
198	117
818	782
277	153
839	123
715	83
402	363
32	46
353	117
258	235
536	400
1020	183
810	782
243	46
1033	329
3	149
158	80
747	230
791	539
85	86
579	19
1187	97
942	55
927	770
277	22
513	310
12	76
42	6
653	127
177	5
270	516
243	69
68	150
270	126
777	113
83	53
999	534
747	329
48	38
285	235
596	76
1191	782
37	103
432	154
929	121
756	127
1151	768
83	27
252	105
10	172
791	654
909	436
1152	733
266	27
445	1103
349	198
344	584
677	551
876	372
106	76
26	72
785	122
151	294
619	51
106	94
484	451
285	113
1017	515
860	310
1170	15
1048	76
829	370
393	27
51	102
839	368
9	94
447	76
425	451
564	5
339	94
863	224
420	28
651	926
675	672
474	916
1064	115
50	152
763	611
605	379
308	187
71	24
3	93
1080	302
445	871
131	340
651	940
171	278
200	80
767	118
1215	394
171	414
356	249
1018	15
539	1102
337	222
490	405
737	736
833	368
762	127
744	846
535	839
96	200
681	831
34	129
215	141
415	172
292	265
520	271
164	27
109	32
187	108
1139	474
1132	768
149	109
107	108
965	462
1002	118
301	12
5	6
677	584
1121	114
302	991
455	460
487	654
267	50
31	11
10	2
498	130
696	8
738	828
811	818
863	219
406	13
829	768
522	53
907	403
64	72
467	163
1163	351
287	99
178	1101
31	310
431	242
267	24
281	313
766	425
472	406
106	83
22	95
165	177
159	71
515	118
896	846
20	39
20	64
575	49
490	48
928	183
277	131
536	122
791	394
1099	446
178	352
270	462
779	353
145	140
751	593
678	436
800	15
1022	302
346	352
859	1038
1207	55
938	189
37	94
59	242
420	309
267	179
579	25
516	978
33	22
898	581
741	770
135	69
267	41
51	197
1070	224
856	117
856	534
421	113
741	801
831	302
302	1008
425	189
391	741
970	183
845	113
65	258
746	462
1215	155
13	80
745	736
786	127
172	151
766	667
1169	795
653	178
248	63
879	761
624	9
412	210
667	775
66	509
178	805
896	758
844	1034
41	36
222	230
66	34
794	738
1150	956
1018	183
201	140
344	113
757	536
936	474
93	53
1123	77
779	770
625	105
66	103
123	126
106	13
90	219
771	353
359	424
539	127
1042	551
999	445
342	189
64	163
154	16
689	368
1174	125
188	117
157	48
147	20
896	84
844	748
201	11
248	685
829	755
128	24
215	408
27	24
787	221
576	34
1099	839
23	326
147	27
535	536
578	557
991	349
261	249
118	119
114	5
37	353
302	547
370	436
224	310
417	418
153	79
791	772
339	51
879	177
744	758
309	46
1126	594
99	172
261	66
807	790
467	76
494	296
802	841
399	192
860	302
324	80
260	49
1175	667
1056	484
235	293
844	772
459	38
432	171
70	165
557	99
547	148
171	434
721	183
145	49
927	224
689	168
105	566
744	897
235	72
632	125
160	765
108	265
1154	80
1218	102
64	183
13	50
420	308
574	38
102	96
535	982
1024	189
146	12
361	94
66	128
654	736
70	157
754	391
68	57
64	167
244	90
238	367
126	349
32	18
48	11
843	118
1218	769
445	943
302	972
32	200
131	5
101	96
168	632
115	5
474	224
490	35
1178	302
857	436
660	486
94	244
270	534
287	3
513	30
40	182
28	131
94	350
991	761
89	5
248	13
1173	303
432	42
114	120
936	221
941	183
993	218
13	40
396	3
539	1016
258	8
40	172
392	352
461	42
68	96
135	27
347	94
33	13
775	539
133	11
860	15
985	535
382	6
83	93
94	96
193	2
365	55
157	33
459	91
153	151
416	147
265	27
787	86
144	2
982	1104
352	515
736	55
801	177
98	222
242	143
653	55
829	224
1030	868
491	24
300	50
244	64
681	516
349	394
756	761
50	94
871	667
541	43
270	124
94	519
131	4
883	928
1184	183
287	12
535	517
370	757
55	474
172	49
897	534
66	74
382	42
962	593
1151	15
415	3
445	927
123	42
801	117
527	57
519	76
432	3
570	187
1042	15
975	118
137	30
209	43
172	81
71	558
220	403
370	168
359	132
105	174
406	5
151	79
515	761
600	57
1168	462
290	27
122	632
302	958
111	126
638	515
927	593
193	53
1042	761
1044	611
114	220
609	256
579	28
512	556
1072	519
861	534
890	846
160	769
20	211
490	265
128	147
114	219
8	12
551	861
172	50
344	8
1093	118
785	117
339	929
242	186
352	222
107	90
1198	155
936	678
956	736
67	75
782	348
660	163
261	8
791	462
895	539
302	871
172	412
60	1
17	6
35	94
13	41
985	224
913	124
407	4
1171	183
290	212
370	123
1173	630
531	43
338	594
22	103
240	26
337	99
111	106
631	170
449	451
666	27
779	198
1044	653
295	3
94	170
235	69
959	302
858	224
764	654
111	211
346	91
850	302
800	799
105	505
145	212
238	244
494	166
182	108
420	103
267	6
809	90
534	91
266	36
787	485
5	131
913	1007
933	605
852	127
1074	446
201	14
238	258
735	183
293	4
1044	762
445	678
59	69
747	539
741	763
125	168
66	98
352	114
993	11
238	3
1117	55
684	303
894	121
32	504
517	303
32	305
689	515
1216	765
286	136
578	241
515	219